1649751879.7303548,13695.0,13664.0,31.0,0.6139615566578139,27.885833333333334,
1649751880.925841,13697.0,13664.0,33.0,0.61514721267053,28.046666666666667,
1649751882.1405632,13699.0,13664.0,35.0,0.6166345612998109,28.225,
1649751883.3265634,13699.0,13664.0,35.0,0.6182960058611603,28.405,
1649751884.5533895,13700.0,13664.0,36.0,0.619992430140293,28.59,
1649751885.7153335,13703.0,13664.0,39.0,0.622006438304091,28.7925,
1649751886.9102895,13703.0,13664.0,39.0,0.624118849560071,29.018333333333334,
1649751888.1039238,13703.0,13664.0,39.0,0.6268423449145083,29.234166666666667,
1649751889.3013844,13700.0,13664.0,36.0,0.6281959708493776,29.425,
1649751890.4607632,13703.0,13664.0,39.0,0.6299691623651983,29.645,
1649751891.6549397,13701.0,13664.0,37.0,0.6318426301123516,29.85333333333333,
1649751892.8313773,13705.0,13720.0,15.0,0.6333514594852887,30.04083333333333,
1649751894.1044085,13707.0,13720.0,13.0,0.6356624567047429,30.008333333333333,
1649751895.3288581,13707.0,13720.0,13.0,0.6356982978829826,30.0525,
1649751896.9957404,13707.0,13720.0,13.0,0.6338881996883657,30.140833333333333,
1649751898.2472885,13700.0,13720.0,20.0,0.6328418320535258,30.249166666666667,
1649751899.4290512,13700.0,13693.0,7.0,0.6321757992833695,30.31,
1649751900.6075583,13704.0,13693.0,11.0,0.6318044882056999,30.3575,
1649751901.7864025,13707.0,13693.0,14.0,0.6308042016730779,30.441666666666666,
1649751902.976354,13708.0,13693.0,15.0,0.6311542352337801,30.518333333333334,
1649751904.1637695,13710.0,13693.0,17.0,0.6292876478165614,30.613333333333333,
1649751905.3517318,13708.0,13693.0,15.0,0.6286114568326685,30.71,
1649751906.5611143,13710.0,13693.0,17.0,0.6229636647318552,30.674166666666668,
1649751907.7555277,13710.0,13720.0,10.0,0.6143912453597817,30.585833333333333,
1649751908.976106,13708.0,13720.0,12.0,0.6091216881227134,30.450833333333332,
1649752030.1566613,13864.0,13838.0,26.0,0.6021253707782466,30.39666666666667,
1649752031.3164692,13869.0,13838.0,31.0,0.5941150207393132,30.398333333333333,
1649752032.5160263,13856.0,13838.0,18.0,0.5868025429045388,30.398333333333333,
1649752033.7063127,13855.0,13838.0,17.0,0.5828545600125078,30.340833333333332,
1649752034.9219022,13844.0,13838.0,6.0,0.5810814851574144,30.280833333333334,
1649752036.1036081,13851.0,13838.0,13.0,0.5824074554273365,30.218333333333334,
1649752037.2777371,13851.0,13838.0,13.0,0.5852010663367255,30.1625,
1649752038.468558,13844.0,13838.0,6.0,0.5871327724779626,30.045,
1649752039.6722968,13844.0,13838.0,6.0,0.5882899394456108,29.895833333333332,
1649752040.8396575,13850.0,13838.0,12.0,0.5900357660272382,29.759166666666665,
1649752042.0305882,13852.0,13838.0,14.0,0.5867593782933921,29.6475,
1649752043.2214928,13853.0,13830.0,23.0,0.5841831877173814,29.504166666666666,
1649752044.3993046,13845.0,13830.0,15.0,0.579663054734448,29.395833333333332,
1649752045.6098459,13844.0,13830.0,14.0,0.5762466654029028,29.256666666666668,
1649752046.8291576,13854.0,13830.0,24.0,0.5717515479111667,29.186666666666667,
1649752047.9927797,13845.0,13830.0,15.0,0.5678539584995344,29.066666666666666,
1649752049.1784878,13850.0,13830.0,20.0,0.5637424952014075,28.930833333333332,
1649752050.3607218,13855.0,13830.0,25.0,0.557608522832183,28.786666666666665,
1649752051.528575,13845.0,13821.0,24.0,0.55140951400265,28.6875,
1649752052.7121632,13853.0,13821.0,32.0,0.5462882767259725,28.690833333333334,
1649752053.896377,13853.0,13821.0,32.0,0.5400543363735093,28.661666666666665,
1649752055.07593,13853.0,13821.0,32.0,0.5344027932430805,28.62,
1649752056.2741978,13844.0,13821.0,23.0,0.5288885791197597,28.59,
1649752057.4631746,13845.0,13821.0,24.0,0.5237218732808677,28.529166666666665,
1649752058.6403282,13844.0,13821.0,23.0,0.5191819483905318,28.438333333333333,
1649752059.8352416,13844.0,13821.0,23.0,0.5147258129657635,28.338333333333335,
1649752061.024884,13844.0,13821.0,23.0,0.5100968429469879,28.254166666666666,
1649752062.211227,13844.0,13821.0,23.0,0.5071615193370771,28.179166666666667,
1649752063.4048133,13844.0,13821.0,23.0,0.5010244273599922,28.035,
1649752064.6205494,13775.0,13808.0,33.0,0.4935595592596616,27.8925,
1649752065.836357,13777.0,13808.0,31.0,0.48604258480985635,27.7725,
1649752067.0366857,13790.0,13784.0,6.0,0.4829323354163763,27.489166666666666,
1649752068.25215,13795.0,13790.0,5.0,0.48097085346200696,27.155833333333334,
1649752069.4669988,13810.0,13790.0,20.0,0.47614913366853134,26.890833333333333,
1649752070.6725895,13800.0,13790.0,10.0,0.47443996925006077,26.708333333333332,
1649752071.8413258,13812.0,13790.0,22.0,0.47291412594252646,26.52,
1649752073.047738,13809.0,13790.0,19.0,0.4707705587615775,26.298333333333332,
1649752074.2396436,13808.0,13790.0,18.0,0.4672065093227445,26.10333333333333,
1649752075.4088256,13800.0,13790.0,10.0,0.4653743861408975,25.876666666666665,
1649752076.6486583,13798.0,13790.0,8.0,0.46556707248077717,25.6275,
1649752077.8690093,13788.0,13790.0,2.0,0.46731826868108606,25.339166666666667,
1649752079.0800543,13786.0,13790.0,4.0,0.46890698417588805,25.035833333333333,
1649752080.3039248,13786.0,13790.0,4.0,0.47022604735557794,24.75,
1649752081.4903579,13786.0,13790.0,4.0,0.472644313993955,24.483333333333334,
1649752082.6872559,13792.0,13790.0,2.0,0.47390175986887795,24.1175,
1649752083.904086,13784.0,13790.0,6.0,0.473536965062201,23.713333333333335,
1649752085.1130311,13800.0,13790.0,10.0,0.4723824804373299,23.330833333333334,
1649752086.3061783,13820.0,13790.0,30.0,0.46871123364349326,22.9775,
1649752087.4934878,13813.0,13790.0,23.0,0.4586422291739865,22.653333333333332,
1649752088.67118,13814.0,13790.0,24.0,0.44422718527765714,22.200833333333332,
1649752089.8792908,13810.0,13790.0,20.0,0.43129079301394957,21.750833333333333,
1649752091.0890133,13821.0,13763.0,58.0,0.4230290898883842,21.4,
1649752092.2648177,13833.0,13763.0,70.0,0.4295429276186661,21.371666666666666,
1649752093.4510062,13832.0,13763.0,69.0,0.43842238038197695,21.401666666666667,
1649752094.621057,13833.0,13763.0,70.0,0.44830779662964504,21.546666666666667,
1649752095.8335001,13833.0,13763.0,70.0,0.45881422508152575,22.0975,
1649752097.0490084,13839.0,13763.0,76.0,0.47051419907851383,22.69,
1649752098.2413094,13837.0,13763.0,74.0,0.4819063069227833,23.291666666666668,
1649752099.4741323,13839.0,13763.0,76.0,0.493663868906963,23.903333333333332,
1649752100.682891,13837.0,13763.0,74.0,0.5040498565680268,24.5025,
1649752101.8980317,13835.0,13790.0,45.0,0.5072610346811637,24.945,
1649752103.1024368,13831.0,13790.0,41.0,0.5077553922380217,25.254166666666666,
1649752104.3021088,13839.0,13790.0,49.0,0.5083199365245764,25.55666666666667,
1649752105.443874,13839.0,13790.0,49.0,0.5122942942087846,25.7475,
1649752106.6430104,13830.0,13790.0,40.0,0.5165533957210894,25.865833333333335,
1649752107.8427908,13820.0,13790.0,30.0,0.5168869364212078,25.955,
1649752109.0252929,13828.0,13790.0,38.0,0.5154955249588107,26.054166666666667,
1649752110.1908948,13826.0,13790.0,36.0,0.5154667278141251,26.231666666666666,
1649752111.3945298,13833.0,13790.0,43.0,0.5180387400193117,26.333333333333332,
1649752112.534038,13825.0,13790.0,35.0,0.5205384303059535,26.466666666666665,
1649752113.7384582,13825.0,13790.0,35.0,0.5209416088289469,26.599166666666665,
1649752114.9263499,13825.0,13790.0,35.0,0.520879867763429,26.733333333333334,
1649752116.1344302,13833.0,13790.0,43.0,0.521500300927822,26.901666666666667,
1649752117.3348372,13833.0,13790.0,43.0,0.5245324813961036,27.070833333333333,
1649752118.4914885,13822.0,13790.0,32.0,0.5270394181162419,27.2275,
1649752119.7020364,13832.0,13790.0,42.0,0.5271522646035729,27.401666666666667,
1649752120.9079075,13832.0,13790.0,42.0,0.5285045916540712,27.606666666666666,
1649752122.1262,13823.0,13790.0,33.0,0.5295770547440428,27.795833333333334,
1649752123.3046277,13833.0,13790.0,43.0,0.5303790312888987,27.979166666666668,
1649752124.5046182,13822.0,13790.0,32.0,0.53010971368357,28.10333333333333,
1649752126.0343623,13814.0,13836.0,22.0,0.5310052681310424,28.065,
1649752127.2877836,13814.0,13836.0,22.0,0.5322773663723737,28.005,
1649752128.6485553,13814.0,13785.0,29.0,0.5325980712315858,27.981666666666666,
1649752129.8321228,13814.0,13785.0,29.0,0.5334972097587464,28.014166666666668,
1649752131.0169015,13818.0,13785.0,33.0,0.5341809713720808,28.038333333333334,
1649752132.1800892,13811.0,13785.0,26.0,0.5330242517238452,28.004166666666666,
1649752133.3546576,13817.0,13785.0,32.0,0.5319728984143082,27.9525,
1649752134.5582526,13814.0,13785.0,29.0,0.5307825290389638,27.925833333333333,
1649752135.7661173,13814.0,13785.0,29.0,0.5290202339201581,27.8825,
1649752136.9748392,13814.0,13785.0,29.0,0.5270010868281404,27.831666666666667,
1649752138.1994107,13815.0,13785.0,30.0,0.5247182747677813,27.77166666666667,
1649752139.4076333,13813.0,13785.0,28.0,0.5224828923197113,27.711666666666666,
1649752140.573733,13814.0,13785.0,29.0,0.5201758819079044,27.648333333333333,
1649752141.785018,13815.0,13785.0,30.0,0.5192895267369497,27.623333333333335,
1649752142.981871,13819.0,13785.0,34.0,0.5190275656304634,27.615,
1649752144.182731,13814.0,13785.0,29.0,0.5187957619092985,27.606666666666666,
1649752145.3852916,13815.0,13785.0,30.0,0.517632917671965,27.570833333333333,
1649752146.5815012,13815.0,13785.0,30.0,0.5165208232666936,27.534166666666668,
1649752147.7516828,13824.0,13782.0,42.0,0.5159459082588894,27.51,
1649752148.9624758,13833.0,13782.0,51.0,0.5191773388242111,27.589166666666667,
1649752150.1397407,13830.0,13782.0,48.0,0.5232619245910006,27.690833333333334,
1649752151.3358986,13830.0,13782.0,48.0,0.5264464748408034,27.765833333333333,
1649752152.5391448,13826.0,13782.0,44.0,0.5286944945275484,27.813333333333333,
1649752153.7496252,13827.0,13782.0,42.0,0.531298544940453,27.87,
1649752154.9732363,13833.0,13782.0,51.0,0.534652178160229,27.945833333333333,
1649752156.251983,13840.0,13831.0,9.0,0.5403887349670826,27.9925,
1649752157.4523113,13839.0,13831.0,8.0,0.5430586661493442,27.74,
1649752158.6147528,13839.0,13831.0,8.0,0.5445525969948515,27.69,
1649752159.8308954,13833.0,13831.0,2.0,0.546625574496407,27.624166666666667,
1649752281.1066244,13770.0,13792.0,22.0,0.5499370976787559,27.523333333333333,
1649752282.7260141,13763.0,13788.0,25.0,0.5494783272237893,27.52166666666667,
1649752283.9502466,13770.0,13788.0,18.0,0.5448133416882148,27.6425,
1649752285.1867344,13769.0,13788.0,19.0,0.5416462010474886,27.724166666666665,
1649752286.4332092,13765.0,13788.0,23.0,0.5396951549537193,27.768333333333334,
1649752287.6411326,13772.0,13788.0,16.0,0.538581968967456,27.788333333333334,
1649752288.935425,13776.0,13788.0,12.0,0.5379988486216765,27.794166666666666,
1649752290.1911027,13772.0,13788.0,16.0,0.5385063268295874,27.7675,
1649752291.4119115,13772.0,13788.0,16.0,0.5380056318748535,27.77,
1649752292.6205294,13777.0,13788.0,11.0,0.5389055473150937,27.7325,
1649752293.8589027,13779.0,13782.0,3.0,0.5382777639203549,27.7425,
1649752295.0883062,13779.0,13782.0,3.0,0.5427190654700447,27.605,
1649752296.3140645,13779.0,13782.0,3.0,0.5489601837439969,27.411666666666665,
1649752297.5117934,13778.0,13782.0,4.0,0.554988935052115,27.225,
1649752298.8166509,13779.0,13782.0,3.0,0.5583832746172157,27.118333333333332,
1649752300.0450716,13778.0,13782.0,4.0,0.5609724823541106,27.035833333333333,
1649752301.254836,13775.0,13782.0,7.0,0.5623882029742157,26.986666666666668,
1649752302.4511406,13778.0,13782.0,4.0,0.5635300804340722,26.945833333333333,
1649752303.6606832,13778.0,13782.0,4.0,0.5643397249159305,26.9175,
1649752304.8726206,13778.0,13782.0,4.0,0.564769660909211,26.900833333333335,
1649752306.0596793,13779.0,13782.0,3.0,0.5651583731807488,26.885,
1649752307.2727845,13779.0,13782.0,3.0,0.5684073142686729,26.785833333333333,
1649752308.506326,13775.0,13782.0,7.0,0.5703883244289926,26.723333333333333,
1649752309.7521157,13769.0,13782.0,13.0,0.5729931932675222,26.64,
1649752310.9969232,13766.0,13782.0,16.0,0.5729588362188219,26.63,
1649752312.1797764,13765.0,13782.0,17.0,0.5733643315618167,26.60333333333333,
1649752313.3973794,13760.0,13782.0,22.0,0.5729578582824326,26.601666666666667,
1649752314.6485436,13767.0,13772.0,5.0,0.5734376368956401,26.5775,
1649752315.845638,13758.0,13772.0,14.0,0.5749327630660556,26.525,
1649752317.0778983,13764.0,13772.0,8.0,0.5777955414967133,26.434166666666666,
1649752318.3111107,13765.0,13772.0,7.0,0.5819171395628263,26.2075,
1649752319.5629323,13762.0,13772.0,10.0,0.5864300806031673,26.04083333333333,
1649752320.7793465,13762.0,13772.0,10.0,0.5907137429212536,25.874166666666667,
1649752322.0401332,13771.0,13772.0,1.0,0.5962195885423865,25.660833333333333,
1649752323.256428,13775.0,13772.0,3.0,0.6033422551401885,25.450833333333332,
1649752324.452218,13766.0,13772.0,6.0,0.6091666866076634,25.281666666666666,
1649752325.6363492,13775.0,13772.0,3.0,0.6147292708188588,25.12,
1649752326.8628066,13771.0,13772.0,1.0,0.6212421807982601,24.933333333333334,
1649752328.0397577,13771.0,13772.0,1.0,0.6275991836121056,24.7525,
1649752329.2857602,13769.0,13772.0,3.0,0.6337695935190537,24.576666666666668,
1649752330.5165522,13773.0,13772.0,1.0,0.6395044396734982,24.376666666666665,
1649752331.7024035,13771.0,13772.0,1.0,0.6463902007082365,24.133333333333333,
1649752332.9309266,13770.0,13772.0,2.0,0.6489570977755392,24.05,
1649752454.3919187,13770.0,13775.0,5.0,0.6500635567922892,24.0175,
1649752455.6047227,13773.0,13775.0,2.0,0.6537961200612316,23.914166666666667,
1649752456.854908,13773.0,13775.0,2.0,0.6575181909713018,23.810833333333335,
1649752578.0630207,13853.0,13843.0,10.0,0.6596797944532491,23.745833333333334,
1649752579.7321105,13864.0,13843.0,21.0,0.6593432587302851,23.741666666666667,
1649752580.9404778,13890.0,13876.0,14.0,0.6610183962268604,23.6875,
1649752582.1396475,13886.0,13873.0,13.0,0.6607193298954167,23.684166666666666,
1649752583.3121839,13893.0,13869.0,24.0,0.6585535384322068,23.73,
1649752584.495609,13880.0,13869.0,11.0,0.6547003102828611,23.819166666666668,
1649752585.6990473,13876.0,13869.0,7.0,0.6543346770251158,23.825833333333332,
1649752706.9006941,13912.0,13898.0,14.0,0.6519765998255199,23.88,
1649752708.107437,13921.0,13898.0,23.0,0.6462521348338899,24.015833333333333,
1649752709.2987294,13921.0,13898.0,23.0,0.6389544964881726,24.191666666666666,
1649752710.5619528,13915.0,13898.0,17.0,0.6343981198184134,24.3025,
1649752711.7708306,13913.0,13898.0,15.0,0.6308665407885832,24.39,
1649752712.9713361,13904.0,13898.0,6.0,0.6321460967413781,24.351666666666667,
1649752714.164313,13911.0,13898.0,13.0,0.6344674863916677,24.1975,
1649752715.370518,13906.0,13898.0,8.0,0.6382146536888542,24.100833333333334,
1649752716.5490592,13915.0,13898.0,17.0,0.6401379925549603,24.03,
1649752717.7534227,13911.0,13898.0,13.0,0.638056239038278,23.8975,
1649752718.9340498,13904.0,13898.0,6.0,0.6250982988819953,23.411666666666665,
1649752720.1267483,13912.0,13898.0,14.0,0.611091603967369,22.929166666666667,
1649752721.3187263,13914.0,13898.0,16.0,0.5954602960759537,22.473333333333333,
1649752722.487516,13906.0,13900.0,6.0,0.5810900635830015,22.001666666666665,
1649752723.6670008,13911.0,13900.0,11.0,0.5674117464397359,21.445,
1649752724.8150914,13910.0,13900.0,10.0,0.5527972828168954,20.904166666666665,
1649752725.9889228,13906.0,13900.0,6.0,0.5389755817879062,20.325,
1649752727.2139611,13906.0,13900.0,6.0,0.524474973558437,19.798333333333332,
1649752728.414091,13905.0,13900.0,5.0,0.5196715474575047,19.378333333333334,
1649752729.6353247,13908.0,13900.0,8.0,0.5182278392927978,19.065833333333334,
1649752730.8489058,13908.0,13900.0,8.0,0.5166595415083114,18.758333333333333,
1649752732.061126,13908.0,13900.0,8.0,0.5153189919285139,18.455,
1649752733.2535853,13908.0,13900.0,8.0,0.5148452663486658,18.173333333333332,
1649752734.4167006,13910.0,13900.0,10.0,0.5166139490728502,17.98,
1649752735.6324031,13903.0,13900.0,3.0,0.5205282169957998,17.779166666666665,
1649752856.8745902,13838.0,13855.0,17.0,0.5186116603498475,17.586666666666666,
1649752858.0742564,13844.0,13855.0,11.0,0.5179561167464315,17.373333333333335,
1649752859.2697678,13837.0,13855.0,18.0,0.5153091226412415,17.169166666666666,
1649752860.4750614,13844.0,13855.0,11.0,0.5129072885987326,17.0225,
1649752862.1880722,13840.0,13855.0,15.0,0.5132198023792971,16.8225,
1649752863.4045446,13840.0,13855.0,15.0,0.5115848419750022,16.611666666666668,
1649752864.6251004,13840.0,13855.0,15.0,0.5080193478794863,16.3775,
1649752865.8071458,13844.0,13855.0,11.0,0.5050387828161146,16.153333333333332,
1649752867.06305,13846.0,13855.0,9.0,0.5038892163820163,15.955833333333333,
1649752868.2700524,13846.0,13855.0,9.0,0.5015086758016691,15.705833333333333,
1649752869.4726958,13848.0,13855.0,7.0,0.5011144439519228,15.441666666666666,
1649752870.6895106,13851.0,13855.0,4.0,0.5020214350068207,15.166666666666666,
1649752871.9187417,13851.0,13855.0,4.0,0.5059846895127181,14.905833333333334,
1649752873.1267362,13846.0,13855.0,9.0,0.5101429106455568,14.735833333333334,
1649752874.3210516,13846.0,13855.0,9.0,0.511513873077435,14.629166666666666,
1649752875.549312,13852.0,13855.0,3.0,0.5165480269574929,14.445833333333333,
1649752876.7654896,13850.0,13855.0,5.0,0.521649993519107,14.208333333333334,
1649752877.9832993,13856.0,13855.0,1.0,0.5270883440624484,13.968333333333334,
1649752879.1632059,13858.0,13853.0,5.0,0.5332296901835756,13.749166666666667,
1649752880.385445,13850.0,13852.0,2.0,0.5388970459578324,13.555,
1649753001.9790483,13777.0,13788.0,11.0,0.5422395572858171,13.374166666666667,
1649753003.20084,13776.0,13787.0,11.0,0.5431538145875063,13.236666666666666,
1649753004.4215057,13771.0,13787.0,16.0,0.5447331305784368,13.1,
1649753005.6202297,13775.0,13787.0,12.0,0.5476188013315665,12.94,
1649753006.8383589,13775.0,13787.0,12.0,0.5486346758442604,12.79,
1649753008.0342574,13771.0,13787.0,16.0,0.5511274246750786,12.649166666666666,
1649753009.261732,13771.0,13787.0,16.0,0.5526738343369629,12.529166666666667,
1649753010.5023577,13771.0,13787.0,16.0,0.5538372184665629,12.399166666666666,
1649753011.7530456,13779.0,13787.0,8.0,0.5549619153639891,12.240833333333333,
1649753012.9590557,13778.0,13787.0,9.0,0.5572571890594847,12.073333333333334,
1649753134.2018166,13774.0,13725.0,49.0,0.5717587351287182,12.06,
1649753135.419173,13777.0,13725.0,52.0,0.5968776515832169,12.215833333333334,
1649753136.5919833,13777.0,13725.0,52.0,0.6187118420092682,12.276666666666667,
1649753137.770187,13779.0,13725.0,54.0,0.6398214220226677,12.308333333333334,
1649753138.973067,13779.0,13725.0,54.0,0.6620744038913716,12.360833333333334,
1649753140.159961,13772.0,13726.0,46.0,0.683430307977953,12.419166666666667,
1649753141.3680758,13775.0,13726.0,49.0,0.701304393764882,12.438333333333333,
1649753142.5407226,13772.0,13726.0,46.0,0.7183219696914644,12.430833333333334,
1649753143.7257593,13760.0,13725.0,35.0,0.731242407468266,12.426666666666666,
1649753144.8836663,13728.0,13708.0,20.0,0.7359292707410225,12.595,
1649753146.0473125,13735.0,13708.0,27.0,0.7375999900586281,12.7375,
1649753147.2439685,13731.0,13708.0,23.0,0.7358761896194483,12.866666666666667,
1649753148.4473825,13736.0,13708.0,28.0,0.7385191067143044,13.099166666666667,
1649753149.9716067,13754.0,13708.0,46.0,0.7536901716573118,13.2825,
1649753151.163151,13755.0,13708.0,47.0,0.7748310408714996,13.479166666666666,
1649753152.3571053,13755.0,13708.0,47.0,0.7923858981209535,13.72,
1649753153.5258126,13747.0,13708.0,39.0,0.8073922421089943,13.920833333333333,
1649753154.6989233,13747.0,13708.0,39.0,0.8190702678672217,14.1025,
1649753155.8748732,13761.0,13708.0,53.0,0.834332187895844,14.375833333333333,
1649753157.062728,13746.0,13708.0,38.0,0.8447137843047615,14.605833333333333,
1649753158.281136,13752.0,13708.0,44.0,0.8549679292080522,14.815833333333334,
1649753159.4442604,13751.0,13708.0,43.0,0.8648895799720098,15.065833333333334,
1649753160.6156693,13762.0,13708.0,54.0,0.8768137535022607,15.359166666666667,
1649753161.795952,13764.0,13708.0,56.0,0.888015376829275,15.754166666666666,
1649753162.9914806,13762.0,13708.0,54.0,0.8993781807971358,16.1625,
1649753164.1786647,13761.0,13708.0,53.0,0.9109093849487224,16.576666666666668,
1649753165.810596,13759.0,13708.0,51.0,0.9205411858067025,16.968333333333334,
1649753167.0133984,13784.0,13724.0,60.0,0.9268356550866105,17.309166666666666,
1649753168.2244332,13791.0,13724.0,67.0,0.9432843357785992,17.803333333333335,
1649753169.4037707,13789.0,13724.0,65.0,0.9585723093227526,18.291666666666668,
1649753170.6129715,13782.0,13724.0,58.0,0.9708537575996238,18.7725,
1649753171.7902896,13781.0,13724.0,57.0,0.9823502088804582,19.251666666666665,
1649753172.9977624,13769.0,13724.0,45.0,0.9915110391462139,19.6875,
1649753174.1816869,13769.0,13724.0,45.0,0.9948887146155128,20.0425,
1649753175.356236,13766.0,13724.0,42.0,0.9984471136432822,20.385833333333334,
1649753176.5603087,13774.0,13724.0,50.0,1.002155349078523,20.6925,
1649753177.734498,13774.0,13724.0,50.0,1.0095619293408102,21.0,
1649753178.918173,13774.0,13724.0,50.0,1.0182967821442805,21.265,
1649753180.080154,13768.0,13724.0,44.0,1.0261805456586113,21.535,
1649753181.290758,13774.0,13724.0,50.0,1.0314501776447633,21.801666666666666,
1649753182.4596121,13766.0,13724.0,42.0,1.0362905525011952,22.0775,
1649753183.665135,13769.0,13724.0,45.0,1.0398173258875472,22.339166666666667,
1649753184.8781471,13768.0,13724.0,44.0,1.0406935285726577,22.6225,
1649753186.0462286,13768.0,13710.0,58.0,1.0434427259690056,22.9025,
1649753187.232522,13764.0,13710.0,54.0,1.0496619597432806,23.283333333333335,
1649753188.4295354,13764.0,13710.0,54.0,1.054485045185616,23.700833333333332,
1649753189.6251116,13769.0,13720.0,49.0,1.0554862212302405,24.1025,
1649753190.827525,13769.0,13720.0,49.0,1.0566664322062302,24.484166666666667,
1649753192.0093672,13769.0,13720.0,49.0,1.057728546151403,24.8625,
1649753193.1766934,13764.0,13720.0,44.0,1.0579141776599894,25.248333333333335,
1649753194.4015596,13768.0,13720.0,48.0,1.0570037562785757,25.6275,
1649753195.610667,13768.0,13735.0,33.0,1.0540914930131824,25.948333333333334,
1649753196.8131857,13766.0,13735.0,31.0,1.0479492529823038,26.164166666666667,
1649753198.0373325,13763.0,13735.0,28.0,1.0406917162560787,26.394166666666667,
1649753199.2384818,13767.0,13735.0,32.0,1.033642919166293,26.63,
1649753200.4265685,13764.0,13735.0,29.0,1.0271675363112427,26.8675,
1649753201.622132,13751.0,13715.0,36.0,1.0210096763571832,27.053333333333335,
1649753202.8018925,13759.0,13715.0,44.0,1.0170811374728768,27.3375,
1649753203.9912355,13758.0,13715.0,43.0,1.0155930020367112,27.618333333333332,
1649753205.1518745,13756.0,13715.0,41.0,1.0162377984296462,27.8475,
1649753206.3650196,13751.0,13715.0,36.0,1.0161142264732594,28.094166666666666,
1649753207.5459409,13752.0,13715.0,37.0,1.0164597057727265,28.325833333333332,
1649753208.7589676,13757.0,13715.0,42.0,1.0164960519691073,28.523333333333333,
1649753209.9321404,13757.0,13715.0,42.0,1.017569699493099,28.741666666666667,
1649753211.1483057,13751.0,13715.0,36.0,1.0138695782372023,29.016666666666666,
1649753212.3543732,13752.0,13715.0,37.0,1.0121362139580483,29.216666666666665,
1649753213.5558136,13752.0,13715.0,37.0,1.0136859760399826,29.340833333333332,
1649753214.7704017,13752.0,13734.0,18.0,1.0154541471813279,29.4575,
1649753215.9710348,13751.0,13734.0,17.0,1.0152490586620098,29.491666666666667,
1649753217.1236184,13750.0,13734.0,16.0,1.016010529964801,29.496666666666666,
1649753218.3364627,13751.0,13734.0,17.0,1.0136011994943885,29.58,
1649753219.5633564,13751.0,13734.0,17.0,1.0124942765649274,29.6325,
1649753220.7088542,13752.0,13734.0,18.0,1.0116047996790785,29.68166666666667,
1649753221.928796,13751.0,13734.0,17.0,1.0118022246807352,29.705,
1649753223.1231942,13756.0,13734.0,22.0,1.0115133081456773,29.746666666666666,
1649753224.2987032,13751.0,13734.0,17.0,1.0090504814354482,29.84,
1649753225.5149727,13751.0,13734.0,17.0,1.0082059530097185,29.891666666666666,
1649753226.6943877,13757.0,13734.0,23.0,1.0080567416848645,29.935,
1649753227.92007,13760.0,13734.0,26.0,1.0063439141543753,30.0225,
1649753229.104963,13760.0,13734.0,26.0,1.0019528575418875,30.178333333333335,
1649753230.2708278,13761.0,13734.0,27.0,0.9987383948825238,30.3125,
1649753231.549943,13750.0,13734.0,16.0,0.9963319224151974,30.416666666666668,
1649753232.733021,13762.0,13734.0,28.0,0.9949344893495774,30.513333333333332,
1649753233.9356794,13762.0,13734.0,28.0,0.9898259837272031,30.6975,
1649753235.112758,13752.0,13734.0,18.0,0.9856232304659666,30.864166666666666,
1649753236.3252726,13752.0,13734.0,18.0,0.9842974706416806,30.9475,
1649753237.5374718,13757.0,13734.0,23.0,0.9826676688112349,31.0425,
1649753238.7301805,13757.0,13734.0,23.0,0.9801512051724333,31.1675,
1649753239.9781914,13775.0,13734.0,41.0,0.9777704472155304,31.3075,
1649753241.2226877,13778.0,13734.0,44.0,0.9755478603891033,31.615,
1649753242.4012706,13772.0,13734.0,38.0,0.975873149160008,31.823333333333334,
1649753243.6234086,13774.0,13734.0,40.0,0.9750142834289732,32.055,
1649753244.820201,13775.0,13734.0,41.0,0.9751990853954733,32.25,
1649753246.000221,13775.0,13734.0,41.0,0.9769816688163944,32.44166666666667,
1649753247.1836872,13768.0,13734.0,34.0,0.9763242510673513,32.695,
1649753248.3683298,13746.0,13734.0,12.0,0.9780902567210253,32.74666666666667,
1649753249.593678,13760.0,13734.0,26.0,0.9804583572382963,32.785833333333336,
1649753250.8177123,13759.0,13734.0,25.0,0.9810868527010836,32.88333333333333,
1649753252.013553,13759.0,13734.0,25.0,0.9809841984425713,32.9725,
1649753253.1942167,13757.0,13734.0,23.0,0.9814575776213917,33.06583333333333,
1649753254.3890321,13757.0,13734.0,23.0,0.9804942070875811,33.1825,
1649753255.61762,13757.0,13734.0,23.0,0.9785395580157333,33.31583333333333,
1649753256.8341424,13757.0,13734.0,23.0,0.9750217870142349,33.47416666666667,
1649753258.0568254,13743.0,13731.0,12.0,0.9713730754186939,33.64416666666666,
1649753259.2101774,13743.0,13731.0,12.0,0.9737836555033842,33.66,
1649753260.4159539,13734.0,13717.0,17.0,0.9726021753704285,33.74583333333333,
1649753261.571915,13727.0,13723.0,4.0,0.9715083289617822,33.8225,
1649753382.7800875,13742.0,13748.0,6.0,0.9710961626385746,33.86666666666667,
1649753383.9815528,13743.0,13748.0,5.0,0.9714087078056027,33.8875,
1649753385.1960974,13742.0,13748.0,6.0,0.9719729504485316,33.909166666666664,
1649753386.4220777,13728.0,13748.0,20.0,0.9748396069616814,33.8875,
1649753387.632702,13729.0,13748.0,19.0,0.9769209620546893,33.95333333333333,
1649753388.8514931,13721.0,13723.0,2.0,0.9816392625372742,33.905833333333334,
1649753390.0440435,13720.0,13723.0,3.0,0.9860737858103789,33.85,
1649753391.2576911,13714.0,13723.0,9.0,0.9916684812784765,33.8075,
1649753392.4788125,13710.0,13723.0,13.0,0.9947768032928984,33.79666666666667,
1649753393.6931968,13703.0,13723.0,20.0,0.9975063534263374,33.78333333333333,
1649753394.9339416,13704.0,13723.0,19.0,0.9986901679415587,33.81166666666667,
1649753396.1303706,13705.0,13720.0,15.0,1.0005747221348662,33.87583333333333,
1649753397.3626935,13707.0,13720.0,13.0,1.0027736110340673,33.92666666666667,
1649753398.6001134,13710.0,13720.0,10.0,0.9927678568792829,33.795,
1649753399.8274894,13711.0,13720.0,9.0,0.97238588205525,33.44583333333333,
1649753401.0373576,13711.0,13720.0,9.0,0.951441297523524,33.0875,
1649753402.275722,13718.0,13720.0,2.0,0.9311579687490574,32.67916666666667,
1649753403.4827228,13714.0,13720.0,6.0,0.9101702536724527,32.25833333333333,
1649753404.6919045,13712.0,13720.0,8.0,0.8902594908321421,31.885833333333334,
1649753405.8798103,13710.0,13720.0,10.0,0.8737793051785149,31.566666666666666,
1649753407.0753932,13711.0,13720.0,9.0,0.8567491350312539,31.256666666666668,
1649753408.3340385,13711.0,13720.0,9.0,0.8414818101463433,30.965833333333332,
1649753409.587302,13712.0,13720.0,8.0,0.8368729289694028,30.8025,
1649753411.2149563,13710.0,13720.0,10.0,0.8347705586126184,30.68,
1649753412.4344902,13710.0,13720.0,10.0,0.8353099387150078,30.591666666666665,
1649753413.6395724,13710.0,13720.0,10.0,0.8303892227617969,30.43,
1649753414.8386815,13710.0,13720.0,10.0,0.8182797417623272,30.17,
1649753416.060842,13710.0,13720.0,10.0,0.8019154445119661,29.848333333333333,
1649753417.2935154,13715.0,13720.0,5.0,0.7875627620499116,29.523333333333333,
1649753418.5463932,13715.0,13720.0,5.0,0.7766153322012609,29.2125,
1649753419.752759,13710.0,13720.0,10.0,0.767888062730724,28.951666666666668,
1649753420.961607,13710.0,13720.0,10.0,0.754049315107674,28.641666666666666,
1649753422.1670437,13709.0,13720.0,11.0,0.7447292151912885,28.384166666666665,
1649753423.3856175,13703.0,13720.0,17.0,0.7352868420054631,28.153333333333332,
1649753424.6172757,13701.0,13720.0,19.0,0.7236469175848694,27.9525,
1649753425.824764,13690.0,13720.0,30.0,0.7084319414408238,27.774166666666666,
1649753427.0500443,13682.0,13702.0,20.0,0.692740806903976,27.525833333333335,
1649753428.2700527,13687.0,13702.0,15.0,0.6772916031998327,27.229166666666668,
1649753429.5040143,13693.0,13702.0,9.0,0.6632574241282881,26.8825,
1649753430.7406592,13694.0,13702.0,8.0,0.6517629139740337,26.54,
1649753431.9295547,13690.0,13702.0,12.0,0.643004638031104,26.263333333333332,
1649753433.0989184,13697.0,13711.0,14.0,0.6235354220393552,25.845833333333335,
1649753434.33643,13683.0,13711.0,28.0,0.6039920802120314,25.484166666666667,
1649753435.5347583,13683.0,13711.0,28.0,0.5858535491978155,25.2125,
1649753436.786572,13681.0,13710.0,29.0,0.5682399057626041,24.933333333333334,
1649753438.0165446,13685.0,13710.0,25.0,0.5531615143672478,24.680833333333332,
1649753439.2000234,13682.0,13710.0,28.0,0.5439453198401563,24.489166666666666,
1649753440.4286096,13694.0,13710.0,16.0,0.5349291126877961,24.293333333333333,
1649753441.662551,13694.0,13710.0,16.0,0.5280786139689237,24.05666666666667,
1649753442.881973,13692.0,13710.0,18.0,0.5190511900942404,23.776666666666667,
1649753444.103421,13695.0,13710.0,15.0,0.5100914121393678,23.5,
1649753445.3010163,13692.0,13710.0,18.0,0.5012798098070113,23.273333333333333,
1649753446.5065136,13694.0,13710.0,16.0,0.4927742965903499,23.066666666666666,
1649753447.7299964,13689.0,13710.0,21.0,0.48612982962706736,22.8175,
1649753449.4179146,13710.0,13710.0,0.0,0.48457157910565996,22.496666666666666,
1649753570.6626058,13692.0,13707.0,15.0,0.4809797408170902,22.265,
1649753571.8919344,13696.0,13707.0,11.0,0.4759782538656505,22.02166666666667,
1649753573.121683,13697.0,13707.0,10.0,0.46800877393181456,21.666666666666668,
1649753574.355094,13698.0,13707.0,9.0,0.4611169814970813,21.285833333333333,
1649753575.574437,13698.0,13707.0,9.0,0.45434720853882177,21.004166666666666,
1649753576.7886755,13697.0,13707.0,10.0,0.4486557501202113,20.711666666666666,
1649753578.014238,13690.0,13707.0,17.0,0.4432628681289491,20.416666666666668,
1649753579.2176447,13690.0,13707.0,17.0,0.4368205532502974,20.154166666666665,
1649753580.428801,13690.0,13707.0,17.0,0.4325913948102549,19.875833333333333,
1649753581.638911,13690.0,13707.0,17.0,0.43077545705029097,19.645,
1649753582.8548014,13690.0,13707.0,17.0,0.4308427441385615,19.5425,
1649753584.0456483,13698.0,13707.0,9.0,0.4332261708924678,19.405833333333334,
1649753585.2523882,13686.0,13736.0,50.0,0.44052103028814593,19.454166666666666,
1649753586.506883,13687.0,13736.0,49.0,0.45192489075796555,19.608333333333334,
1649753587.7220445,13682.0,13736.0,54.0,0.4637834934079906,19.824166666666667,
1649753588.9369185,13678.0,13736.0,58.0,0.47545800347922973,19.9725,
1649753590.1621962,13671.0,13689.0,18.0,0.480394417210097,19.939166666666665,
1649753591.3692963,13676.0,13689.0,13.0,0.4774889405071885,19.735833333333332,
1649753593.0731926,13680.0,13689.0,9.0,0.47733217074195333,19.4775,
1649753594.317812,13680.0,13689.0,9.0,0.47789288359615933,19.2075,
1649753595.5036426,13683.0,13689.0,6.0,0.479229917148559,18.958333333333332,
1649753596.7048266,13680.0,13689.0,9.0,0.47977579187505204,18.68166666666667,
1649753597.92143,13680.0,13689.0,9.0,0.4810490806412141,18.441666666666666,
1649753599.12645,13676.0,13689.0,13.0,0.48158029986945,18.239166666666666,
1649753600.3720243,13680.0,13689.0,9.0,0.48303450212371923,18.015833333333333,
1649753601.613262,13685.0,13689.0,4.0,0.48525674796752866,17.778333333333332,
1649753602.8359885,13680.0,13689.0,9.0,0.48686033142203694,17.684166666666666,
1649753604.0482762,13683.0,13689.0,6.0,0.4883205485681304,17.604166666666668,
1649753605.2645974,13681.0,13689.0,8.0,0.49023999609667585,17.513333333333332,
1649753606.4925869,13683.0,13689.0,6.0,0.49197087962351393,17.425,
1649753607.7172108,13685.0,13689.0,4.0,0.49349944542551377,17.336666666666666,
1649753608.9372761,13677.0,13689.0,12.0,0.49552117880727503,17.24,
1649753610.138908,13677.0,13689.0,12.0,0.49610071490431157,17.154166666666665,
1649753611.3550396,13674.0,13689.0,15.0,0.4961846999131562,17.08,
1649753612.6065092,13675.0,13689.0,14.0,0.493297716105312,17.071666666666665,
1649753613.795694,13670.0,13689.0,19.0,0.49123571224818335,17.05666666666667,
1649753615.0113788,13666.0,13689.0,23.0,0.49195809306142774,17.0525,
1649753616.2313423,13672.0,13689.0,17.0,0.4934450938196617,17.0225,
1649753617.4908361,13666.0,13689.0,23.0,0.49308297917123994,16.955833333333334,
1649753618.7177954,13665.0,13689.0,24.0,0.4933662199596553,16.97833333333333,
1649753619.9362438,13665.0,13689.0,24.0,0.4950358876985137,16.97833333333333,
1649753621.1715863,13667.0,13689.0,22.0,0.4971958029371581,16.935,
1649753622.3929343,13668.0,13689.0,21.0,0.4984913111487561,16.885,
1649753623.579178,13674.0,13689.0,15.0,0.4971424088069285,16.894166666666667,
1649753624.7915285,13664.0,13689.0,25.0,0.496379572975775,16.91,
1649753626.0354073,13663.0,13689.0,26.0,0.49857877606862416,16.933333333333334,
1649753627.2626355,13664.0,13689.0,25.0,0.5011739625045375,16.925833333333333,
1649753628.497417,13665.0,13689.0,24.0,0.5018292298531976,16.769166666666667,
1649753629.7213762,13669.0,13689.0,20.0,0.5026167269260983,16.6275,
1649753630.9604042,13677.0,13689.0,12.0,0.502320525760372,16.4325,
1649753632.1667392,13670.0,13689.0,19.0,0.502631457750693,16.2275,
1649753633.4130661,13671.0,13689.0,18.0,0.5015801033646995,16.039166666666667,
1649753634.6563466,13669.0,13689.0,20.0,0.500615478061159,15.8475,
1649753635.9110656,13676.0,13689.0,13.0,0.49907543161371226,15.849166666666667,
1649753637.1104946,13676.0,13689.0,13.0,0.4967779016721864,15.804166666666667,
1649753638.3288994,13670.0,13689.0,19.0,0.4965124428492272,15.719166666666666,
1649753639.5361416,13677.0,13689.0,12.0,0.4965297436865946,15.655,
1649753640.825991,13674.0,13689.0,15.0,0.49550544517029865,15.588333333333333,
1649753642.0379572,13668.0,13689.0,21.0,0.49321263338776294,15.528333333333334,
1649753643.2884552,13668.0,13689.0,21.0,0.4935861724830328,15.511666666666667,
1649753644.5131602,13668.0,13689.0,21.0,0.4939460412630308,15.495,
1649753645.7666545,13671.0,13689.0,18.0,0.4949875744145407,15.465833333333334,
1649753646.9932053,13665.0,13689.0,24.0,0.49230216415921707,15.55,
1649753648.2240512,13661.0,13689.0,28.0,0.49320894198765175,15.6475,
1649753649.4510207,13663.0,13689.0,26.0,0.49373324641812394,15.7625,
1649753650.6589494,13660.0,13689.0,29.0,0.4930950806231,15.92,
1649753651.8878155,13663.0,13689.0,26.0,0.49250172204868853,16.115,
1649753653.104036,13654.0,13689.0,35.0,0.49131757601252335,16.293333333333333,
1649753654.5586214,13655.0,13687.0,32.0,0.49340503476215386,16.528333333333332,
1649753655.7985723,13660.0,13687.0,27.0,0.495631641962448,16.588333333333335,
1649753777.242806,13713.0,13706.0,7.0,0.49518653376722027,16.611666666666668,
1649753778.8248122,13713.0,13706.0,7.0,0.492592456490422,16.6425,
1649753780.0253706,13713.0,13706.0,7.0,0.49049466434502537,16.653333333333332,
1649753781.2269137,13714.0,13706.0,8.0,0.48915294197135295,16.6325,
1649753782.4161003,13718.0,13706.0,12.0,0.48764095485909736,16.599166666666665,
1649753783.5683093,13718.0,13706.0,12.0,0.4863877637885827,16.5375,
1649753784.7501297,13718.0,13706.0,12.0,0.4850845244708937,16.479166666666668,
1649753785.9516222,13708.0,13706.0,2.0,0.4866229555539616,16.391666666666666,
1649753787.1441388,13712.0,13706.0,6.0,0.48859844253206736,16.305,
1649754028.392525,13710.0,13715.0,5.0,0.4884524729560133,16.269166666666667,
1649754029.6114469,13710.0,13715.0,5.0,0.4881439677476868,16.235833333333332,
1649754031.0305738,13710.0,13715.0,5.0,0.486589743120049,16.24416666666667,
1649754032.2555363,13710.0,13715.0,5.0,0.48500388302828595,16.254166666666666,
1649754033.4560528,13710.0,13715.0,5.0,0.4852323475325366,16.221666666666668,
1649754034.6611276,13703.0,13715.0,12.0,0.4840452838445199,16.208333333333332,
1649754035.91216,13710.0,13715.0,5.0,0.4832480898882572,16.183333333333334,
1649754037.1423793,13712.0,13715.0,3.0,0.48339208059717276,16.145,
1649754038.3792076,13707.0,13715.0,8.0,0.4829248708924675,16.1175,
1649754039.5698354,13706.0,13715.0,9.0,0.48304434631737375,16.076666666666668,
1649754040.827706,13701.0,13715.0,14.0,0.4787735171428455,16.105833333333333,
1649754042.0577838,13701.0,13715.0,14.0,0.474269044946558,16.139166666666668,
1649754043.232016,13702.0,13715.0,13.0,0.46995348033559586,16.17,
1649754044.6429815,13706.0,13715.0,9.0,0.4678361721725156,16.16583333333333,
1649754045.8340368,13706.0,13715.0,9.0,0.4654417539747016,16.174166666666668,
1649754047.0992553,13706.0,13715.0,9.0,0.4624558560723375,16.200833333333332,
1649754048.2904112,13707.0,13715.0,8.0,0.46034514676745214,16.206666666666667,
1649754049.5266082,13707.0,13715.0,8.0,0.4591236120315216,16.19,
1649754050.7687373,13707.0,13715.0,8.0,0.45778349665815427,16.1775,
1649754051.9762506,13707.0,13715.0,8.0,0.4572275338716395,16.143333333333334,
1649754053.5727215,13705.0,13715.0,10.0,0.45774086778172624,16.073333333333334,
1649754054.785941,13707.0,13715.0,8.0,0.4597573971073546,15.94,
1649754055.9975197,13707.0,13715.0,8.0,0.4593786049682543,15.86,
1649754057.2409756,13707.0,13715.0,8.0,0.46016046752005835,15.79,
1649754058.4471266,13704.0,13715.0,11.0,0.4581106075650583,15.781666666666666,
1649754059.7001636,13704.0,13715.0,11.0,0.455302845644309,15.793333333333333,
1649754060.9245305,13710.0,13715.0,5.0,0.45347967851216814,15.783333333333333,
1649754062.1696322,13710.0,13715.0,5.0,0.4558275581533609,15.695,
1649754063.4009707,13710.0,13715.0,5.0,0.45939498349228197,15.556666666666667,
1649754064.614026,13706.0,13715.0,9.0,0.46357539802782155,15.359166666666667,
1649754065.8234024,13706.0,13715.0,9.0,0.4660207196811272,15.200833333333334,
1649754067.045805,13706.0,13715.0,9.0,0.468432918584103,15.053333333333333,
1649754068.2690363,13706.0,13715.0,9.0,0.470201337312,14.94,
1649754069.4763927,13706.0,13715.0,9.0,0.47201837261003143,14.83,
1649754070.7150176,13706.0,13715.0,9.0,0.4724671440529844,14.771666666666667,
1649754071.9336436,13705.0,13715.0,10.0,0.4726470556169333,14.716666666666667,
1649754073.1210015,13706.0,13715.0,9.0,0.47289522243133947,14.66,
1649754074.7369394,13705.0,13715.0,10.0,0.4737866570418805,14.553333333333333,
1649754075.9745004,13706.0,13715.0,9.0,0.4760585406346002,14.455,
1649754077.1704714,13709.0,13715.0,6.0,0.4784430063759202,14.370833333333334,
1649754078.3975008,13710.0,13715.0,5.0,0.4773532214203864,14.370833333333334,
1649754080.0697742,13711.0,13715.0,4.0,0.47944270602898414,14.300833333333333,
1649754081.2571995,13712.0,13715.0,3.0,0.4829686363730645,14.206666666666667,
1649754202.463119,13708.0,13718.0,10.0,0.48538344382452886,14.135833333333334,
1649754203.7038286,13708.0,13718.0,10.0,0.4833328781714954,14.136666666666667,
1649754204.9321094,13708.0,13718.0,10.0,0.48362048275950326,14.089166666666667,
1649754206.1438966,13702.0,13718.0,16.0,0.4824969312564868,14.086666666666666,
1649754207.3873005,13702.0,13718.0,16.0,0.48080505211067615,14.106666666666667,
1649754208.5958931,13705.0,13718.0,13.0,0.4805345697900584,14.095833333333333,
1649754209.8468616,13705.0,13718.0,13.0,0.4784209693334611,14.0925,
1649754211.0678582,13705.0,13718.0,13.0,0.47613900227379813,14.094166666666666,
1649754212.2917237,13705.0,13718.0,13.0,0.47567551024882443,14.060833333333333,
1649754213.533683,13705.0,13718.0,13.0,0.4731864105129762,14.0675,
1649754214.7516265,13705.0,13718.0,13.0,0.4655837188702781,13.8825,
1649754215.9674997,13702.0,13718.0,16.0,0.453562801617866,13.585,
1649754217.2117484,13702.0,13718.0,16.0,0.4420267497261276,13.295,
1649754218.9207656,13702.0,13718.0,16.0,0.4290016083772988,12.966666666666667,
1649754220.2154765,13702.0,13718.0,16.0,0.4219489178242635,12.789166666666667,
1649754221.468259,13702.0,13718.0,16.0,0.4228567263262431,12.780833333333334,
1649754222.7041883,13704.0,13718.0,14.0,0.42028824449113844,12.816666666666666,
1649754223.9589229,13703.0,13712.0,9.0,0.41866435347559783,12.814166666666667,
1649754225.1857312,13703.0,13712.0,9.0,0.41674327410196477,12.814166666666667,
1649754226.4142103,13706.0,13712.0,6.0,0.41537624399705136,12.808333333333334,
1649754227.647683,13708.0,13712.0,4.0,0.4168241801686489,12.765,
1649754228.8388875,13709.0,13712.0,3.0,0.4198440228368702,12.695,
1649754230.0513306,13709.0,13712.0,3.0,0.4225534000244457,12.635,
1649754231.2860618,13710.0,13712.0,2.0,0.4238024485542062,12.598333333333333,
1649754232.5012615,13710.0,13712.0,2.0,0.4264722086805511,12.544166666666667,
1649754233.7273333,13710.0,13712.0,2.0,0.4282582496028026,12.505833333333333,
1649754234.931648,13710.0,13712.0,2.0,0.42977184622590725,12.4725,
1649754236.156473,13706.0,13712.0,6.0,0.43068275034867404,12.445833333333333,
1649754237.380338,13706.0,13712.0,6.0,0.4301650963926722,12.435,
1649754238.5955496,13706.0,13712.0,6.0,0.42909057860066,12.434166666666666,
1649754239.7797897,13706.0,13712.0,6.0,0.4305378172565048,12.39,
1649754241.002101,13710.0,13712.0,2.0,0.43295352722777397,12.333333333333334,
1649754242.2234802,13711.0,13712.0,1.0,0.4392249430670044,12.216666666666667,
1649754363.4967258,13722.0,13730.0,8.0,0.44261837469083437,12.1175,
1649754364.760515,13723.0,13730.0,7.0,0.4424813269861531,12.0,
1649754366.0049531,13717.0,13730.0,13.0,0.4428788939544347,11.876666666666667,
1649754367.2580128,13717.0,13730.0,13.0,0.44317671092344213,11.8275,
1649754368.4733393,13716.0,13730.0,14.0,0.44141248235625014,11.741666666666667,
1649754369.6541042,13721.0,13730.0,9.0,0.4397366018901226,11.6375,
1649754370.9003685,13721.0,13730.0,9.0,0.43871735989696936,11.5225,
1649754372.1405027,13722.0,13730.0,8.0,0.4385134386267801,11.416666666666666,
1649754373.3751674,13722.0,13730.0,8.0,0.4388492358799129,11.324166666666667,
1649754374.591049,13721.0,13730.0,9.0,0.43846836344659257,11.218333333333334,
1649754375.8275104,13721.0,13730.0,9.0,0.43569847911070764,11.078333333333333,
1649754377.0182786,13722.0,13730.0,8.0,0.43320345661046095,10.94,
1649754378.2367306,13722.0,13730.0,8.0,0.4316121766672291,10.8025,
1649754379.477963,13720.0,13730.0,10.0,0.43083003936047365,10.685833333333333,
1649754380.687702,13722.0,13730.0,8.0,0.43062943398975556,10.625833333333333,
1649754381.9418874,13722.0,13730.0,8.0,0.4308523892486721,10.581666666666667,
1649754383.1275141,13722.0,13730.0,8.0,0.431364125315346,10.498333333333333,
1649754384.3450606,13722.0,13730.0,8.0,0.43202788496378225,10.411666666666667,
1649754385.5601785,13722.0,13730.0,8.0,0.43179852311486766,10.3175,
1649754386.751305,13717.0,13730.0,13.0,0.4312960368698038,10.283333333333333,
1649754387.9840693,13717.0,13730.0,13.0,0.4319316182189629,10.263333333333334,
1649754389.1886683,13716.0,13730.0,14.0,0.4325629681184729,10.231666666666667,
1649754390.407105,13723.0,13730.0,7.0,0.4341323320899451,10.215833333333334,
1649754391.6282146,13723.0,13730.0,7.0,0.43647793539603,10.1425,
1649754392.8319328,13723.0,13730.0,7.0,0.43608016428236285,10.025833333333333,
1649754394.0927155,13723.0,13733.0,10.0,0.4349687893208295,9.9175,
1649754395.351033,13722.0,13733.0,11.0,0.4323061321461503,9.826666666666666,
1649754396.5302055,13721.0,13733.0,12.0,0.4302283373816776,9.739166666666666,
1649754397.7158163,13724.0,13733.0,9.0,0.4251298811096613,9.6025,
1649754398.94526,13723.0,13733.0,10.0,0.4198670650808682,9.461666666666666,
1649754400.1805198,13724.0,13733.0,9.0,0.414598910641096,9.32,
1649754401.4093494,13721.0,13734.0,13.0,0.4103901074611223,9.18,
1649754402.6299665,13721.0,13734.0,13.0,0.40615931530518073,9.041666666666666,
1649754403.8703685,13725.0,13734.0,9.0,0.3992942665760674,8.850833333333334,
1649754405.074561,13725.0,13734.0,9.0,0.39397497696763917,8.695833333333333,
1649754406.2493055,13725.0,13734.0,9.0,0.38809443375081765,8.69,
1649754407.4680376,13726.0,13734.0,8.0,0.38339471630744437,8.709166666666667,
1649754408.7247753,13730.0,13734.0,4.0,0.38067920349780904,8.705,
1649754409.9363163,13730.0,13734.0,4.0,0.3804118300189004,8.676666666666666,
1649754411.1237152,13763.0,13760.0,3.0,0.38058219594100834,8.666666666666666,
1649754532.483357,13783.0,13760.0,23.0,0.3875464735979901,8.71,
1649754534.0891712,13785.0,13760.0,25.0,0.39866348734665147,8.804166666666667,
1649754535.290921,13782.0,13760.0,22.0,0.40605840150680655,8.966666666666667,
1649754536.7377994,13776.0,13760.0,16.0,0.40874968741766754,9.113333333333333,
1649754537.925302,13770.0,13760.0,10.0,0.4046433428211767,9.168333333333333,
1649754539.4074762,13775.0,13747.0,28.0,0.4067123222298612,9.275833333333333,
1649754540.5847917,13774.0,13747.0,27.0,0.41748522544926375,9.4675,
1649754542.0395749,13782.0,13747.0,35.0,0.4312750412758823,9.693333333333333,
1649754543.2088797,13784.0,13747.0,37.0,0.44734456904466463,9.974166666666667,
1649754544.400957,13776.0,13747.0,29.0,0.4644400550202084,10.229166666666666,
1649754545.5892203,13780.0,13747.0,33.0,0.47494371077478664,10.4225,
1649754546.7784958,13800.0,13747.0,53.0,0.48738344967150005,10.669166666666667,
1649754547.9783213,13790.0,13749.0,41.0,0.5144858856954104,11.069166666666666,
1649754549.1547658,13789.0,13749.0,40.0,0.5294517302113948,11.355,
1649754550.38306,13789.0,13749.0,40.0,0.5488174572364349,11.575833333333334,
1649754551.546718,13790.0,13749.0,41.0,0.569153403178401,11.8075,
1649754552.7345188,13782.0,13749.0,33.0,0.588187765055269,12.035,
1649754553.8853157,13790.0,13754.0,36.0,0.603942527717475,12.290833333333333,
1649754555.0651798,13782.0,13754.0,28.0,0.6144861577965637,12.495833333333334,
1649754556.2847424,13782.0,13754.0,28.0,0.6209961699561175,12.654166666666667,
1649754557.5162506,13782.0,13754.0,28.0,0.626959462498291,12.8175,
1649754558.7200377,13788.0,13754.0,34.0,0.6328047891612943,12.988333333333333,
1649754559.9448338,13790.0,13754.0,36.0,0.6425654654120386,13.214166666666667,
1649754561.1011827,13791.0,13754.0,37.0,0.6528178500420824,13.451666666666666,
1649754562.294178,13785.0,13754.0,31.0,0.6616884746499206,13.66,
1649754563.5011055,13798.0,13754.0,44.0,0.6686145648551091,13.848333333333333,
1649754564.6949017,13798.0,13754.0,44.0,0.6807409540137545,14.078333333333333,
1649754565.885816,13792.0,13754.0,38.0,0.6922973990642626,14.353333333333333,
1649754567.0524466,13789.0,13754.0,35.0,0.7024687267162258,14.570833333333333,
1649754568.2311907,13789.0,13754.0,35.0,0.7114748697590418,14.770833333333334,
1649754569.3910081,13799.0,13754.0,45.0,0.7215595885338076,15.000833333333333,
1649754570.5957134,13791.0,13754.0,37.0,0.7300678189683866,15.300833333333333,
1649754571.7919676,13791.0,13754.0,37.0,0.7360272721867639,15.5675,
1649754572.9505055,13796.0,13754.0,42.0,0.7439421515606031,15.863333333333333,
1649754574.1341727,13798.0,13754.0,44.0,0.7549669529621545,16.153333333333332,
1649754575.3182049,13796.0,13760.0,36.0,0.7631091579179425,16.401666666666667,
1649754576.5272944,13800.0,13760.0,40.0,0.7698985400065976,16.631666666666668,
1649754577.7290058,13805.0,13760.0,45.0,0.7788849680245019,16.9025,
1649754578.94884,13800.0,13760.0,40.0,0.7882921451016831,17.185833333333335,
1649754580.1585176,13800.0,13760.0,40.0,0.7964054006707304,17.4375,
1649754581.3491871,13808.0,13760.0,48.0,0.805836697787005,17.713333333333335,
1649754582.537224,13801.0,13760.0,41.0,0.8173027484370203,18.0425,
1649754583.7182674,13785.0,13759.0,26.0,0.8211612040727023,18.2425,
1649754584.9055939,13791.0,13759.0,32.0,0.8208207979523985,18.428333333333335,
1649754586.0875375,13785.0,13759.0,26.0,0.8209527704328684,18.6425,
1649754587.2826614,13787.0,13759.0,28.0,0.8203441743477172,18.8475,
1649754588.478769,13790.0,13759.0,31.0,0.8188171880791921,19.066666666666666,
1649754589.632088,13789.0,13759.0,30.0,0.8178357906170076,19.289166666666667,
1649754590.804563,13793.0,13759.0,34.0,0.8201347724296858,19.45916666666667,
1649754591.9689145,13793.0,13759.0,34.0,0.8238521792428875,19.659166666666668,
1649754593.1763022,13793.0,13759.0,34.0,0.8282119433019932,19.829166666666666,
1649754594.386079,13793.0,13759.0,34.0,0.8329877160338913,19.979166666666668,
1649754595.574856,13793.0,13759.0,34.0,0.8377034789285747,20.131666666666668,
1649754596.7567964,13787.0,13759.0,28.0,0.8424877619271155,20.301666666666666,
1649754597.94276,13792.0,13759.0,33.0,0.8465879117577335,20.46,
1649754599.1589391,13794.0,13759.0,35.0,0.8514015827295923,20.635,
1649754600.3566282,13795.0,13759.0,36.0,0.8565877480455243,20.82,
1649754601.5467114,13795.0,13759.0,36.0,0.8616785642574258,21.005,
1649754603.150063,13800.0,13759.0,41.0,0.8672054118140635,21.198333333333334,
1649754604.327477,13798.0,13759.0,39.0,0.8730753762240914,21.401666666666667,
1649754605.531975,13798.0,13759.0,39.0,0.8780223578394792,21.593333333333334,
1649754606.7209039,13798.0,13759.0,39.0,0.8826040215218754,21.785,
1649754607.934208,13797.0,13759.0,38.0,0.8870178255295278,21.976666666666667,
1649754609.0954523,13796.0,13759.0,37.0,0.8915698003534462,22.166666666666668,
1649754610.312287,13794.0,13759.0,35.0,0.8923794786919899,22.360833333333332,
1649754611.5019999,13794.0,13759.0,35.0,0.8945403044932002,22.5775,
1649754612.7183676,13790.0,13758.0,32.0,0.8958083704223256,22.7975,
1649754613.8924909,13800.0,13760.0,40.0,0.8950143440527578,23.059166666666666,
1649754615.078278,13794.0,13760.0,34.0,0.8951057878171981,23.354166666666668,
1649754616.4540267,13799.0,13760.0,39.0,0.8925792851434475,23.615,
1649754617.645497,13797.0,13760.0,37.0,0.8921520519198247,23.9025,
1649754618.8406866,13798.0,13760.0,38.0,0.8896938315090424,24.195833333333333,
1649754620.0187957,13799.0,13760.0,39.0,0.887119668161734,24.49,
1649754621.179624,13798.0,13760.0,38.0,0.8841616818183887,24.778333333333332,
1649754622.37204,13798.0,13760.0,38.0,0.8823335380652664,25.06833333333333,
1649754623.5936537,13796.0,13760.0,36.0,0.8821132406953623,25.331666666666667,
1649754624.8082874,13798.0,13760.0,38.0,0.8813097672381401,25.583333333333332,
1649754626.0424488,13798.0,13760.0,38.0,0.8809794618595999,25.85,
1649754627.2728183,13797.0,13760.0,37.0,0.8796636141785519,26.125,
1649754628.6731415,13799.0,13760.0,39.0,0.8762424473625297,26.420833333333334,
1649754629.8401654,13796.0,13760.0,36.0,0.8754277989853477,26.68,
1649754631.027901,13800.0,13760.0,40.0,0.8767182031349856,26.935833333333335,
1649754632.2392285,13796.0,13760.0,36.0,0.8771799662261177,27.1925,
1649754633.4469073,13800.0,13760.0,40.0,0.8796886183436253,27.411666666666665,
1649754634.6550932,13802.0,13760.0,42.0,0.8822057263024675,27.638333333333332,
1649754635.84302,13805.0,13760.0,45.0,0.885158685029245,27.905,
1649754637.009555,13806.0,13760.0,46.0,0.8880966813406164,28.198333333333334,
1649754638.2027128,13804.0,13760.0,44.0,0.8907416668442664,28.49416666666667,
1649754639.3845882,13803.0,13760.0,43.0,0.8927350672372406,28.794166666666666,
1649754640.5847766,13804.0,13760.0,44.0,0.8948040550228126,29.080833333333334,
1649754641.8130167,13804.0,13760.0,44.0,0.8974082311381497,29.3725,
1649754643.452485,13804.0,13746.0,58.0,0.9014189976247134,29.713333333333335,
1649754644.6214445,13804.0,13746.0,58.0,0.9072239196773749,30.135833333333334,
1649754645.8141017,13805.0,13746.0,59.0,0.9127060665671519,30.546666666666667,
1649754647.0106025,13798.0,13746.0,52.0,0.9183919124887382,30.949166666666667,
1649754648.2156403,13805.0,13746.0,59.0,0.9231434251552553,31.354166666666668,
1649754649.418482,13803.0,13746.0,57.0,0.9285839809209421,31.7725,
1649754650.6019595,13801.0,13746.0,55.0,0.933373504517795,32.18833333333333,
1649754651.810722,13804.0,13746.0,58.0,0.9376200151007429,32.590833333333336,
1649754653.010588,13805.0,13746.0,59.0,0.9434918068824331,33.0025,
1649754654.202719,13787.0,13746.0,41.0,0.944961013564042,33.2925,
1649754655.430934,13783.0,13746.0,37.0,0.9427074357403566,33.471666666666664,
1649754656.6155834,13785.0,13746.0,39.0,0.9402851932560148,33.660833333333336,
1649754657.779948,13785.0,13746.0,39.0,0.9389642012744426,33.9275,
1649754658.9776824,13782.0,13746.0,36.0,0.9375506106617617,34.19166666666667,
1649754660.1769543,13780.0,13746.0,34.0,0.9358589176421022,34.41166666666667,
1649754661.3697798,13780.0,13746.0,34.0,0.9356473887166039,34.6175,
1649754662.5488982,13776.0,13746.0,30.0,0.9353092668778362,34.80083333333334,
1649754663.7252607,13769.0,13746.0,23.0,0.9365165230482968,34.94833333333333,
1649754664.905619,13761.0,13746.0,15.0,0.939102485048028,35.053333333333335,
1649754666.110571,13767.0,13739.0,28.0,0.9418971563252001,35.149166666666666,
1649754667.3036706,13757.0,13738.0,19.0,0.942768950757068,35.23416666666667,
1649754668.493104,13755.0,13738.0,17.0,0.945451426096864,35.2925,
1649754669.6929133,13763.0,13738.0,25.0,0.946843703086574,35.37,
1649754670.9099984,13762.0,13738.0,24.0,0.948858651515284,35.51083333333333,
1649754672.0869544,13762.0,13738.0,24.0,0.9512562369765665,35.63583333333333,
1649754793.333247,13765.0,13735.0,30.0,0.9537780256558474,35.7575,
1649754794.5321136,13761.0,13735.0,26.0,0.9537659041323294,35.92666666666667,
1649754795.731324,13765.0,13735.0,30.0,0.9513216777163743,36.1275,
1649754796.9366999,13767.0,13735.0,32.0,0.9493727222311739,36.29833333333333,
1649754798.1522396,13761.0,13735.0,26.0,0.9416626250354793,36.401666666666664,
1649754799.342311,13761.0,13729.0,32.0,0.9298181008769971,36.45166666666667,
1649754800.547606,13764.0,13729.0,35.0,0.9169125177127437,36.530833333333334,
1649754801.75443,13766.0,13729.0,37.0,0.907229807021467,36.66583333333333,
1649754802.927552,13766.0,13729.0,37.0,0.9054059787806272,36.880833333333335,
1649754804.1178212,13765.0,13729.0,36.0,0.8975762096336808,37.04,
1649754805.3379571,13765.0,13729.0,36.0,0.8812783679469022,37.10666666666667,
1649754806.5029738,13765.0,13729.0,36.0,0.8618836017188481,37.1425,
1649754807.6788242,13765.0,13729.0,36.0,0.8393273863724923,37.13583333333333,
1649754808.880516,13765.0,13729.0,36.0,0.8174424891382988,37.1275,
1649754810.0730624,13763.0,13729.0,34.0,0.8022781188266792,37.17916666666667,
1649754811.2797492,13767.0,13729.0,38.0,0.7840074908092011,37.20916666666667,
1649754812.4612927,13758.0,13729.0,29.0,0.7519305759480104,37.065,
1649754813.6394079,13767.0,13728.0,39.0,0.7329736769286117,36.98,
1649754814.8115795,13767.0,13728.0,39.0,0.7127222263006048,36.971666666666664,
1649754816.0074844,13767.0,13728.0,39.0,0.6917480460183091,36.94833333333333,
1649754817.22563,13767.0,13728.0,39.0,0.6719117681092146,36.931666666666665,
1649754818.4111047,13767.0,13728.0,39.0,0.6531860986547064,36.92166666666667,
1649754819.5883431,13761.0,13726.0,35.0,0.6394459130931721,36.94833333333333,
1649754820.7773867,13761.0,13726.0,35.0,0.6296816181781799,37.00666666666667,
1649754821.9689217,13767.0,13726.0,41.0,0.620373731272105,37.09,
1649754823.186629,13765.0,13726.0,39.0,0.6111295372893699,37.1925,
1649754824.4294002,13771.0,13726.0,45.0,0.5978231632277551,37.235,
1649754825.6269956,13775.0,13726.0,49.0,0.5854458542194142,37.31916666666667,
1649754826.8285396,13776.0,13726.0,50.0,0.5753788806950171,37.44,
1649754828.0194983,13776.0,13726.0,50.0,0.5674679867478761,37.595,
1649754829.1997511,13775.0,13726.0,49.0,0.5553585920449392,37.68416666666667,
1649754830.413481,13776.0,13726.0,50.0,0.5420222819349365,37.745,
1649754831.647964,13776.0,13726.0,50.0,0.5318581614489989,37.855,
1649754832.8354108,13776.0,13726.0,50.0,0.5229776518233905,37.98,
1649754834.0007942,13774.0,13726.0,48.0,0.512491927298045,38.07333333333333,
1649754835.1949863,13768.0,13751.0,17.0,0.5021728004129615,37.950833333333335,
1649754836.9054723,13770.0,13759.0,11.0,0.49606131908233836,37.74916666666667,
1649754838.079634,13771.0,13754.0,17.0,0.48822488727216656,37.515,
1649754839.2830036,13770.0,13754.0,16.0,0.47841134726870205,37.288333333333334,
1649754840.498871,13775.0,13754.0,21.0,0.471196172269341,37.115,
1649754841.7009552,13776.0,13754.0,22.0,0.46457232556464395,36.98916666666667,
1649754843.2525744,13771.0,13754.0,17.0,0.45566052648253313,36.82666666666667,
1649754844.4457982,13777.0,13754.0,23.0,0.4466449448258135,36.64,
1649754845.649679,13775.0,13754.0,21.0,0.4389201814689015,36.495,
1649754846.883587,13776.0,13754.0,22.0,0.43035718806040535,36.310833333333335,
1649754848.0501478,13776.0,13754.0,22.0,0.41918668511795504,36.086666666666666,
1649754849.2505713,13776.0,13754.0,22.0,0.4155249911976458,35.99333333333333,
1649754850.452608,13775.0,13754.0,21.0,0.4143768246902554,35.935833333333335,
1649754851.6495264,13775.0,13754.0,21.0,0.41232780240331107,35.854166666666664,
1649754852.8043647,13775.0,13754.0,21.0,0.41095623236263323,35.7825,
1649754854.0407906,13770.0,13754.0,16.0,0.4097038805898683,35.70666666666666,
1649754855.222241,13776.0,13754.0,22.0,0.40873726089786677,35.604166666666664,
1649754856.4090834,13776.0,13754.0,22.0,0.40717885967751977,35.534166666666664,
1649754857.5989125,13776.0,13754.0,22.0,0.4041994875002749,35.43416666666667,
1649754858.7880685,13776.0,13754.0,22.0,0.40134441250846903,35.33416666666667,
1649754859.9586189,13776.0,13754.0,22.0,0.39858484962215124,35.23416666666667,
1649754861.1519737,13772.0,13754.0,18.0,0.39620138361658513,35.12416666666667,
1649754862.3428895,13776.0,13754.0,22.0,0.3943522265221875,35.0125,
1649754863.5493054,13776.0,13754.0,22.0,0.39269628991106276,34.92916666666667,
1649754864.7444065,13779.0,13754.0,25.0,0.38975032390261444,34.84916666666667,
1649754865.9770803,13780.0,13754.0,26.0,0.3861893918805296,34.7675,
1649754867.134102,13784.0,13754.0,30.0,0.3818545779675078,34.71666666666667,
1649754868.3302286,13785.0,13754.0,31.0,0.3767151911114879,34.66916666666667,
1649754869.5016224,13785.0,13754.0,31.0,0.37012281643954065,34.590833333333336,
1649754870.6710005,13785.0,13754.0,31.0,0.3642018965229664,34.524166666666666,
1649754871.8808625,13775.0,13754.0,21.0,0.3600884907775135,34.399166666666666,
1649754873.0883944,13780.0,13754.0,26.0,0.3563232713211018,34.26583333333333,
1649754874.2835712,13782.0,13754.0,28.0,0.35217384895579357,34.17916666666667,
1649754875.4759424,13782.0,13754.0,28.0,0.35003727004645163,34.145833333333336,
1649754876.6521292,13782.0,13754.0,28.0,0.34688947804229653,34.0875,
1649754878.3009648,13782.0,13754.0,28.0,0.3440373082719141,34.03333333333333,
1649754879.4914386,13772.0,13754.0,18.0,0.34303776388884905,33.89333333333333,
1649754880.6649823,13772.0,13754.0,18.0,0.3411263572578597,33.715,
1649754881.8611822,13772.0,13754.0,18.0,0.3411699555268491,33.579166666666666,
1649754883.0976193,13772.0,13754.0,18.0,0.3398269629954082,33.4075,
1649754884.3014421,13781.0,13754.0,27.0,0.3384337745532273,33.27,
1649754885.4959197,13772.0,13754.0,18.0,0.3363675296410895,33.1575,
1649754886.689857,13772.0,13754.0,18.0,0.3359238674877796,33.009166666666665,
1649754887.8492157,13772.0,13754.0,18.0,0.33533707440331695,32.8425,
1649754889.0306182,13772.0,13754.0,18.0,0.3349963930335058,32.67916666666667,
1649754890.236872,13774.0,13754.0,20.0,0.3352173709017884,32.5275,
1649754891.4266536,13774.0,13754.0,20.0,0.3344397274145986,32.3775,
1649754892.6055994,13774.0,13754.0,20.0,0.33382923560921696,32.229166666666664,
1649754893.782595,13772.0,13754.0,18.0,0.333837722156701,32.07,
1649754895.001856,13772.0,13754.0,18.0,0.3341463611794436,31.91,
1649754896.1764462,13772.0,13754.0,18.0,0.33395010885146015,31.734166666666667,
1649754897.3487182,13772.0,13754.0,18.0,0.33405842464496155,31.564166666666665,
1649754898.5409513,13769.0,13754.0,15.0,0.33443846545097783,31.38083333333333,
1649754899.7434816,13769.0,13754.0,15.0,0.33500201880457886,31.1725,
1649754900.8973596,13769.0,13754.0,15.0,0.3345927339322573,30.935,
1649754902.1092212,13768.0,13754.0,14.0,0.3341043903955398,30.690833333333334,
1649754903.2824826,13770.0,13754.0,16.0,0.3336916602357388,30.4475,
1649754904.4903018,13770.0,13754.0,16.0,0.33316648655342346,30.214166666666667,
1649754905.6518152,13768.0,13754.0,14.0,0.3330550197553876,29.988333333333333,
1649754906.8708515,13768.0,13754.0,14.0,0.3332738753204941,29.738333333333333,
1649754908.0939972,13768.0,13754.0,14.0,0.33198511356482124,29.440833333333334,
1649754909.270211,13767.0,13754.0,13.0,0.32832580357228325,29.06833333333333,
1649754910.4694712,13763.0,13754.0,9.0,0.32551835002948,28.695833333333333,
1649754911.6607697,13760.0,13754.0,6.0,0.32470018296088715,28.2775,
1649754912.8842642,13760.0,13757.0,3.0,0.32498898571519746,27.840833333333332,
1649754914.0596974,13761.0,13757.0,4.0,0.3251671478483599,27.38083333333333,
1649754915.2637904,13760.0,13757.0,3.0,0.3252212790474015,26.94,
1649754916.4336092,13761.0,13757.0,4.0,0.32631843097300045,26.5,
1649754917.6327648,13761.0,13757.0,4.0,0.3267845846500732,26.043333333333333,
1649754918.8174727,13765.0,13739.0,26.0,0.32522722130013004,25.8425,
1649754920.032962,13765.0,13739.0,26.0,0.32489077590607984,25.7675,
1649754921.25101,13766.0,13739.0,27.0,0.3249256494846961,25.666666666666668,
1649754922.8570676,13761.0,13739.0,22.0,0.3243781349623383,25.55,
1649754924.0617945,13761.0,13739.0,22.0,0.3243824142177451,25.410833333333333,
1649754925.2343462,13767.0,13739.0,28.0,0.3252685179985861,25.3225,
1649754926.4057498,13770.0,13739.0,31.0,0.3263365741447309,25.275,
1649754927.604966,13770.0,13739.0,31.0,0.3276956610470484,25.2625,
1649754928.769972,13765.0,13739.0,26.0,0.32667014748353856,25.2625,
1649754929.9403646,13764.0,13739.0,25.0,0.3237432926204038,25.2875,
1649754931.1073687,13764.0,13739.0,25.0,0.3205714779627807,25.31833333333333,
1649754932.286849,13764.0,13739.0,25.0,0.31753181531761326,25.344166666666666,
1649754933.477018,13764.0,13739.0,25.0,0.3135053874658963,25.405,
1649754934.6650147,13764.0,13739.0,25.0,0.3101472393707349,25.4425,
1649754935.8676915,13764.0,13739.0,25.0,0.30804580480720817,25.435,
1649754937.08332,13764.0,13739.0,25.0,0.3054776742737078,25.44333333333333,
1649754938.2535348,13764.0,13739.0,25.0,0.3027803824548868,25.455833333333334,
1649754939.4478555,13766.0,13739.0,27.0,0.3008959168073683,25.444166666666668,
1649754940.6579053,13766.0,13739.0,27.0,0.29964043097724885,25.4325,
1649754941.8590133,13771.0,13739.0,32.0,0.29998711480816254,25.4525,
1649754943.096924,13772.0,13739.0,33.0,0.30083829949207763,25.479166666666668,
1649754944.2871306,13772.0,13739.0,33.0,0.3015891213052194,25.5125,
1649754945.467174,13772.0,13739.0,33.0,0.30323671052003787,25.5125,
1649754946.6861975,13766.0,13739.0,27.0,0.305467202933407,25.4875,
1649754947.9322164,13766.0,13739.0,27.0,0.30592778545944194,25.404166666666665,
1649754949.3432362,13742.0,13730.0,12.0,0.3100467724358398,25.205,
1649754950.5262976,13739.0,13730.0,9.0,0.31475129409817565,24.99,
1649754951.697419,13749.0,13730.0,19.0,0.3200342347885283,24.758333333333333,
1649754952.9101784,13742.0,13730.0,12.0,0.32287853939952327,24.5875,
1649754954.0850303,13744.0,13730.0,14.0,0.3264301269643167,24.398333333333333,
1649754955.2548583,13750.0,13730.0,20.0,0.32804197414513714,24.254166666666666,
1649754956.4970818,13749.0,13725.0,24.0,0.32985258050465865,24.094166666666666,
1649754957.7237678,13749.0,13725.0,24.0,0.32934868294027186,23.9925,
1649754959.3956923,13744.0,13725.0,19.0,0.32837594840790024,23.930833333333332,
1649754960.5891078,13741.0,13725.0,16.0,0.3284958968701066,23.79083333333333,
1649754961.773665,13747.0,13725.0,22.0,0.3300709499464326,23.615,
1649754963.021432,13750.0,13737.0,13.0,0.32999851695315147,23.4875,
1649754964.7021182,13749.0,13737.0,12.0,0.3333717050727428,23.2675,
1649754965.9234731,13752.0,13737.0,15.0,0.3367795414247901,23.063333333333333,
1649754967.2120867,13750.0,13737.0,13.0,0.3394793440503804,22.890833333333333,
1649754968.4468298,13754.0,13724.0,30.0,0.3419135951194396,22.8025,
1649754969.7069294,13757.0,13724.0,33.0,0.34397085645402675,22.7175,
1649754970.9517455,13757.0,13724.0,33.0,0.347089676116074,22.6575,
1649754972.181694,13757.0,13724.0,33.0,0.34884153824296293,22.544166666666666,
1649754973.708382,13760.0,13724.0,36.0,0.3502659674312336,22.415,
1649754974.918447,13760.0,13724.0,36.0,0.35258532968973016,22.298333333333332,
1649754976.1619062,13751.0,13724.0,27.0,0.3544896710802273,22.1725,
1649754977.348067,13755.0,13724.0,31.0,0.354612629705555,22.008333333333333,
1649754978.5346866,13755.0,13724.0,31.0,0.3553750816912993,21.85,
1649754979.7362084,13755.0,13724.0,31.0,0.3562585103966938,21.691666666666666,
1649754980.9331508,13755.0,13724.0,31.0,0.35743730517138994,21.54,
1649754982.1104815,13755.0,13724.0,35.0,0.35722508587132695,21.579166666666666,
1649754983.3079965,13751.0,13724.0,27.0,0.35469117475302314,21.7175,
1649754984.5394127,13751.0,13724.0,27.0,0.35118759896220547,21.835833333333333,
1649754985.7133691,13751.0,13724.0,27.0,0.34850251739059573,21.9225,
1649754986.9179654,13751.0,13724.0,27.0,0.34611267887798436,21.9975,
1649754988.1108649,13751.0,13724.0,27.0,0.3444985779651911,22.043333333333333,
1649754989.3142395,13755.0,13724.0,31.0,0.34389862343211786,22.105,
1649754990.4982655,13756.0,13724.0,32.0,0.34341773064970943,22.188333333333333,
1649754991.6638465,13752.0,13724.0,28.0,0.3428531333045025,22.243333333333332,
1649754992.8378625,13760.0,13724.0,36.0,0.34277245129757944,22.330833333333334,
1649754994.041662,13755.0,13724.0,31.0,0.3435691768304645,22.425,
1649754995.245382,13752.0,13724.0,28.0,0.34437660003716924,22.52,
1649754996.4436033,13752.0,13724.0,28.0,0.34301578378014413,22.575,
1649754997.6367977,13761.0,13724.0,37.0,0.34286828214771814,22.663333333333334,
1649754998.828703,13750.0,13724.0,26.0,0.3430432519260283,22.76,
1649754999.994904,13760.0,13724.0,36.0,0.34071237001719995,22.804166666666667,
1649755001.1889677,13763.0,13724.0,39.0,0.34185231194521576,22.96,
1649755002.3704388,13763.0,13724.0,39.0,0.3444474359629098,23.101666666666667,
1649755003.5727875,13768.0,13724.0,44.0,0.35106189640443264,23.339166666666667,
1649755004.7587404,13774.0,13724.0,50.0,0.3554322313462103,23.5275,
1649755005.9525585,13776.0,13724.0,52.0,0.3615074074971971,23.759166666666665,
1649755007.1473327,13775.0,13724.0,51.0,0.3675546087652996,24.010833333333334,
1649755008.3517897,13770.0,13724.0,46.0,0.3720381238511063,24.24,
1649755009.5298774,13775.0,13724.0,51.0,0.37669699962803704,24.448333333333334,
1649755010.7445164,13781.0,13724.0,57.0,0.38416414536693055,24.695,
1649755011.8967173,13783.0,13724.0,59.0,0.39316673938829244,24.97,
1649755013.0844276,13785.0,13724.0,61.0,0.40316211708915317,25.221666666666668,
1649755014.2977178,13779.0,13724.0,55.0,0.4137422962972688,25.468333333333334,
1649755015.4955237,13781.0,13724.0,57.0,0.4227789245182967,25.676666666666666,
1649755016.6826324,13781.0,13724.0,57.0,0.43200237857754004,25.893333333333334,
1649755018.225169,13776.0,13759.0,17.0,0.43663004966576274,26.085833333333333,
1649755019.4230218,13769.0,13759.0,10.0,0.43738725575395543,26.02,
1649755020.630858,13767.0,13759.0,8.0,0.440992972593488,25.871666666666666,
1649755021.8195405,13769.0,13759.0,10.0,0.44484960456801576,25.715,
1649755023.4687796,13772.0,13759.0,13.0,0.44675050283768636,25.608333333333334,
1649755024.6996994,13775.0,13759.0,16.0,0.44952331109878846,25.479166666666668,
1649755025.9143498,13772.0,13759.0,13.0,0.4492418030831712,25.446666666666665,
1649755027.101119,13772.0,13759.0,13.0,0.4495501537080693,25.401666666666667,
1649755028.314574,13772.0,13759.0,13.0,0.4497399537201246,25.36,
1649755029.5038545,13772.0,13759.0,13.0,0.44994410926599976,25.31833333333333,
1649755030.6638446,13774.0,13759.0,15.0,0.45064019475071154,25.259166666666665,
1649755031.892984,13766.0,13759.0,7.0,0.4535042585144646,25.139166666666668,
1649755033.0843582,13766.0,13759.0,7.0,0.45591496836167994,25.04083333333333,
1649755034.3082304,13764.0,13759.0,5.0,0.4582043852906916,24.9475,
1649755035.492713,13764.0,13759.0,5.0,0.46111018583629326,24.839166666666667,
1649755036.6586704,13774.0,13759.0,15.0,0.46204762269950456,24.78,
1649755037.8460746,13768.0,13759.0,9.0,0.46354784653948927,24.703333333333333,
1649755039.0152342,13775.0,13759.0,16.0,0.4651927766405371,24.623333333333335,
1649755040.1907895,13772.0,13759.0,13.0,0.4661671287489661,24.563333333333333,
1649755041.3535068,13775.0,13759.0,16.0,0.4661377613571686,24.529166666666665,
1649755042.5520444,13776.0,13759.0,17.0,0.4651096205789418,24.52,
1649755043.7536576,13776.0,13759.0,17.0,0.4640722889486064,24.511666666666667,
1649755044.9713743,13782.0,13759.0,23.0,0.46253656040090196,24.518333333333334,
1649755046.1735883,13782.0,13759.0,23.0,0.45872888491738556,24.585,
1649755047.3331923,13782.0,13759.0,23.0,0.4549708415775194,24.651666666666667,
1649755048.5284672,13782.0,13759.0,23.0,0.45123883166608936,24.719166666666666,
1649755049.7124543,13782.0,13759.0,23.0,0.44758884724080056,24.785833333333333,
1649755050.9213173,13782.0,13759.0,23.0,0.44426360822331806,24.844166666666666,
1649755052.1258926,13781.0,13759.0,22.0,0.4410593351714918,24.900833333333335,
1649755053.3424885,13777.0,13759.0,18.0,0.43788277149268456,24.960833333333333,
1649755054.522611,13777.0,13759.0,18.0,0.4358205952136093,24.99416666666667,
1649755055.7245724,13776.0,13759.0,17.0,0.43384748397303763,25.026666666666667,
1649755056.9305193,13776.0,13759.0,17.0,0.43188231298674207,25.061666666666667,
1649755058.1267166,13776.0,13759.0,17.0,0.4282580527851904,25.145833333333332,
1649755059.3201191,13779.0,13759.0,20.0,0.42388321564278814,25.2525,
1649755060.4868734,13776.0,13759.0,17.0,0.418331016564442,25.390833333333333,
1649755062.2053585,13772.0,13759.0,13.0,0.4149517039211858,25.474166666666665,
1649755063.4057682,13770.0,13759.0,11.0,0.4118647547965364,25.551666666666666,
1649755064.5766363,13765.0,13759.0,6.0,0.4106904131619343,25.580833333333334,
1649755065.9033,13768.0,13759.0,8.0,0.41429222640252406,25.45,
1649755067.0960677,13766.0,13759.0,7.0,0.4200973282631633,25.295833333333334,
1649755068.280304,13766.0,13759.0,7.0,0.42547988529014863,25.155,
1649755069.4260316,13766.0,13759.0,7.0,0.43075370852656725,25.005,
1649755070.645223,13764.0,13759.0,5.0,0.4358121984150905,24.875,
1649755071.8678114,13763.0,13759.0,4.0,0.4416963996345381,24.711666666666666,
1649755073.073546,13760.0,13759.0,1.0,0.44830389660889985,24.474166666666665,
1649755074.268442,13760.0,13759.0,1.0,0.45440298996707335,24.224166666666665,
1649755075.4204555,13760.0,13759.0,1.0,0.4616524244975689,24.003333333333334,
1649755076.6031723,13763.0,13759.0,4.0,0.46857358202326704,23.824166666666667,
1649755077.8033285,13772.0,13749.0,23.0,0.47007470302530147,23.775833333333335,
1649755079.0159054,13778.0,13749.0,29.0,0.4710161237420974,23.784166666666668,
1649755080.2553866,13778.0,13749.0,29.0,0.4727117486089003,23.8175,
1649755081.4667888,13767.0,13749.0,18.0,0.4744251868825331,23.8325,
1649755082.6491013,13767.0,13749.0,18.0,0.47631294251319467,23.774166666666666,
1649755083.8245804,13767.0,13749.0,18.0,0.4781843814829953,23.715833333333332,
1649755085.5340726,13767.0,13749.0,18.0,0.48003377338713993,23.6575,
1649755086.7575524,13767.0,13749.0,18.0,0.48179912815909826,23.595833333333335,
1649755087.940736,13767.0,13749.0,18.0,0.4832538705258835,23.520833333333332,
1649755089.1737792,13761.0,13749.0,12.0,0.48363485987141974,23.398333333333333,
1649755090.375323,13761.0,13749.0,12.0,0.4849902956534071,23.231666666666666,
1649755091.538775,13761.0,13749.0,12.0,0.48655183517117573,23.05666666666667,
1649755092.7165124,13761.0,13749.0,12.0,0.4880851151228445,22.881666666666668,
1649755093.9291499,13761.0,13749.0,12.0,0.4895790260973286,22.706666666666667,
1649755095.116678,13761.0,13749.0,11.0,0.49298454597203606,22.581666666666667,
1649755096.3337302,13767.0,13749.0,18.0,0.49102864836364807,22.611666666666668,
1649755097.5430155,13767.0,13749.0,18.0,0.4877913167185639,22.676666666666666,
1649755098.7145286,13767.0,13749.0,18.0,0.4840764490408985,22.755,
1649755099.9253485,13767.0,13749.0,18.0,0.48271902763978375,22.775833333333335,
1649755101.1047091,13767.0,13749.0,18.0,0.48066774684657315,22.815,
1649755102.2935312,13767.0,13749.0,18.0,0.4804338506578059,22.810833333333335,
1649755103.4594405,13767.0,13749.0,18.0,0.4801450964357239,22.8075,
1649755104.6499586,13763.0,13749.0,14.0,0.48261269308464255,22.740833333333335,
1649755105.837897,13760.0,13749.0,11.0,0.4855247468036578,22.665,
1649755107.020063,13760.0,13749.0,11.0,0.489228716973786,22.571666666666665,
1649755108.2022645,13760.0,13749.0,11.0,0.49146157765500625,22.514166666666668,
1649755109.3807132,13756.0,13749.0,7.0,0.4957657634841177,22.398333333333333,
1649755110.6041455,13756.0,13749.0,7.0,0.49765110542067315,22.351666666666667,
1649755111.754752,13753.0,13740.0,13.0,0.49912988485651644,22.315,
1649755112.9398193,13753.0,13740.0,13.0,0.4994607048105405,22.304166666666667,
1649755114.1316276,13744.0,13740.0,4.0,0.5025911318911646,22.1225,
1649755115.3142343,13743.0,13740.0,3.0,0.5066477798911461,21.898333333333333,
1649755116.5065994,13752.0,13728.0,24.0,0.5068851719393612,21.735833333333332,
1649755117.666699,13753.0,13728.0,25.0,0.5038333990056377,21.6475,
1649755118.8104947,13753.0,13728.0,25.0,0.5012368766387224,21.580833333333334,
1649755119.9804194,13745.0,13728.0,17.0,0.49737906367219437,21.450833333333332,
1649755121.1859274,13753.0,13728.0,25.0,0.49452281918361235,21.3275,
1649755122.3782234,13744.0,13728.0,16.0,0.49390774777330543,21.233333333333334,
1649755123.5773468,13752.0,13728.0,24.0,0.49213126982472416,21.135,
1649755124.778061,13752.0,13728.0,24.0,0.489738241689579,21.076666666666668,
1649755126.0140662,13741.0,13728.0,13.0,0.4871115350332258,20.9775,
1649755127.186224,13740.0,13728.0,12.0,0.4860797071902063,20.838333333333335,
1649755128.497638,13730.0,13728.0,2.0,0.4890241206505064,20.643333333333334,
1649755129.7275987,13733.0,13720.0,13.0,0.49280484817127046,20.470833333333335,
1649755130.9013531,13725.0,13721.0,4.0,0.49514618581003444,20.328333333333333,
1649755132.083698,13725.0,13721.0,4.0,0.4988098829548172,20.159166666666668,
1649755133.2706,13730.0,13721.0,9.0,0.5018127802364793,20.003333333333334,
1649755134.4305317,13722.0,13721.0,1.0,0.5046206576546147,19.813333333333333,
1649755135.5944471,13728.0,13721.0,7.0,0.5075803222056517,19.601666666666667,
1649755136.7746956,13724.0,13721.0,3.0,0.510387836435625,19.415,
1649755137.9751883,13721.0,13705.0,16.0,0.5139339655336703,19.178333333333335,
1649755139.594833,13725.0,13705.0,20.0,0.511350811954034,19.031666666666666,
1649755140.8018935,13727.0,13705.0,22.0,0.5103565805297142,18.856666666666666,
1649755142.027537,13725.0,13705.0,20.0,0.5098698474247032,18.7675,
1649755143.23432,13729.0,13705.0,24.0,0.5082818118622944,18.6925,
1649755144.4384604,13730.0,13705.0,25.0,0.5059471595748777,18.560833333333335,
1649755145.6617932,13719.0,13705.0,14.0,0.5076642322402913,18.5525,
1649755146.8396003,13721.0,13705.0,16.0,0.5039193946802659,18.370833333333334,
1649755148.0105035,13721.0,13705.0,16.0,0.49917900303921636,18.179166666666667,
1649755149.2236526,13718.0,13705.0,13.0,0.4904576528432195,17.8975,
1649755150.3760056,13725.0,13705.0,20.0,0.4855301505894254,17.631666666666668,
1649755151.5384715,13725.0,13705.0,20.0,0.47750964950964425,17.383333333333333,
1649755152.7462475,13720.0,13705.0,15.0,0.4706095385424654,17.066666666666666,
1649755153.9152768,13719.0,13705.0,14.0,0.46368755142769613,16.7925,
1649755155.0930774,13720.0,13705.0,15.0,0.456812555866605,16.525,
1649755156.314184,13720.0,13705.0,15.0,0.44752918233676525,16.2,
1649755157.5279129,13720.0,13705.0,15.0,0.4367974324749453,15.838333333333333,
1649755158.7714121,13716.0,13705.0,11.0,0.4262724160085515,15.461666666666666,
1649755160.0039597,13716.0,13705.0,11.0,0.4170727510678406,15.05,
1649755161.223146,13721.0,13705.0,16.0,0.4095287495587056,14.684166666666666,
1649755162.3995578,13721.0,13705.0,16.0,0.4003130184647681,14.3425,
1649755163.6142976,13717.0,13705.0,12.0,0.3942133589116627,14.069166666666666,
1649755164.8093822,13718.0,13705.0,13.0,0.39174572413214936,14.045833333333333,
1649755165.9935424,13709.0,13705.0,4.0,0.3894271090800095,14.0425,
1649755167.161792,13706.0,13705.0,1.0,0.38836444562241434,14.0225,
1649755168.349468,13717.0,13705.0,12.0,0.3904549760261275,13.950833333333334,
1649755169.5422153,13719.0,13705.0,14.0,0.38754902223687027,13.9525,
1649755170.711715,13719.0,13705.0,14.0,0.38419090985515186,13.943333333333333,
1649755171.9134884,13709.0,13705.0,4.0,0.3847447651964175,13.888333333333334,
1649755173.0753224,13708.0,13700.0,8.0,0.38498352472664465,13.835833333333333,
