1000008.0, 1000021.0, 1000015.0, 1000020.0, 1000016.0, 1000020.0, 1000025.0, 1000029.0, 1000031.0, 1000034.0, 1000041.0, 1000047.0, 1000057.0, 1000052.0, 1000054.0, 1000051.0, 1000047.0, 1000049.0, 1000053.0, 1000069.0, 1000074.0, 1000070.0, 1000084.0, 1000089.0, 1000093.0, 1000105.0, 1000113.0, 1000123.0, 1000132.0, 1000143.0, 1000153.0, 1000162.0, 1000165.0, 1000171.0, 1000181.0, 1000184.0, 1000169.0, 1000182.0, 1000173.0, 1000182.0, 1000176.0, 1000183.0, 1000179.0, 1000182.0, 1000179.0, 1000183.0, 1000186.0, 1000189.0, 1000191.0, 1000193.0, 1000171.0, 1000174.0, 1000172.0, 1000174.0, 1000164.0, 1000173.0, 1000178.0, 1000182.0, 1000178.0, 1000182.0, 1000177.0, 1000188.0, 1000191.0, 1000202.0, 1000208.0, 1000202.0, 1000206.0, 1000200.0, 1000205.0, 1000207.0, 1000219.0, 1000216.0, 1000222.0, 1000233.0, 1000237.0, 1000246.0, 1000241.0, 1000243.0, 1000240.0, 1000247.0, 1000243.0, 1000240.0, 1000245.0, 1000242.0, 1000244.0, 1000240.0, 1000247.0, 1000237.0, 1000245.0, 1000239.0, 1000235.0, 1000227.0, 1000222.0, 1000224.0, 1000220.0, 1000215.0, 1000212.0, 1000204.0, 1000208.0, 1000213.0, 1000208.0, 1000212.0, 1000214.0, 1000217.0, 1000223.0, 1000231.0, 1000228.0, 1000234.0, 1000242.0, 1000244.0, 1000247.0, 1000251.0, 1000248.0, 1000253.0, 1000250.0, 1000252.0, 1000258.0, 1000254.0, 1000263.0, 1000272.0, 1000277.0, 1000272.0, 1000270.0, 1000273.0, 1000279.0, 1000281.0, 1000276.0, 1000279.0, 1000274.0, 1000276.0, 1000290.0, 1000295.0, 1000304.0, 1000312.0, 1000314.0, 1000310.0, 1000312.0, 1000324.0, 1000321.0, 1000319.0, 1000317.0, 1000329.0, 1000349.0, 1000342.0, 1000336.0, 1000334.0, 1000344.0, 1000355.0, 1000359.0, 1000369.0, 1000383.0, 1000390.0, 1000392.0, 1000395.0, 1000393.0, 1000397.0, 1000389.0, 1000391.0, 1000393.0, 1000385.0, 1000387.0, 1000391.0, 1000385.0, 1000379.0, 1000384.0, 1000379.0, 1000387.0, 1000391.0, 1000400.0, 1000405.0, 1000407.0, 1000409.0, 1000412.0, 1000427.0, 1000452.0, 1000450.0, 1000457.0, 1000464.0, 1000472.0, 1000479.0, 1000486.0, 1000489.0, 1000465.0, 1000467.0, 1000477.0, 1000465.0, 1000456.0, 1000460.0, 1000461.0, 1000471.0, 1000458.0, 1000459.0, 1000457.0, 1000455.0, 1000449.0, 1000437.0, 1000427.0, 1000429.0, 1000427.0, 1000433.0, 1000436.0, 1000438.0, 1000448.0, 1000447.0, 1000462.0, 1000446.0, 1000444.0, 1000463.0, 1000445.0, 1000448.0, 1000452.0, 1000457.0, 1000452.0, 1000457.0, 1000451.0, 1000459.0, 1000468.0, 1000479.0, 1000477.0, 1000487.0, 1000492.0, 1000499.0, 1000494.0, 1000500.0, 1000504.0, 1000506.0, 1000505.0, 1000514.0, 1000515.0, 1000513.0, 1000518.0, 1000519.0, 1000521.0, 1000511.0, 1000499.0, 1000498.0, 1000490.0, 1000495.0, 1000494.0, 1000496.0, 1000543.0, 1000553.0, 1000551.0, 1000554.0, 1000544.0, 1000542.0, 1000546.0, 1000544.0, 1000537.0, 1000528.0, 1000522.0, 1000527.0, 1000545.0, 1000555.0, 1000565.0, 1000586.0, 1000568.0, 1000575.0, 1000564.0, 1000563.0, 1000561.0, 1000562.0, 1000568.0, 1000572.0, 1000576.0, 1000584.0, 1000592.0, 1000594.0, 1000604.0, 1000602.0, 1000595.0, 1000598.0, 1000601.0, 1000627.0, 1000636.0, 1000637.0, 1000634.0, 1000625.0, 1000630.0, 1000631.0, 1000619.0, 1000620.0, 1000630.0, 1000632.0, 1000622.0, 1000626.0, 1000622.0, 1000617.0, 1000622.0, 1000624.0, 1000628.0, 1000641.0, 1000633.0, 1000640.0, 1000655.0, 1000665.0, 1000668.0, 1000672.0, 1000656.0, 1000655.0, 1000672.0, 1000673.0, 1000669.0, 1000684.0, 1000688.0, 1000690.0, 1000702.0, 1000701.0, 1000684.0, 1000692.0, 1000700.0, 1000699.0, 1000697.0, 1000699.0, 1000724.0, 1000734.0, 1000738.0, 1000736.0, 1000738.0, 1000735.0, 1000756.0, 1000754.0, 1000756.0, 1000758.0, 1000740.0, 1000749.0, 1000765.0, 1000782.0, 1000776.0, 1000771.0, 1000778.0, 1000781.0, 1000778.0, 1000787.0, 1000804.0, 1000787.0, 1000803.0, 1000788.0, 1000791.0, 1000792.0, 1000802.0, 1000792.0, 1000802.0, 1000805.0, 1000820.0, 1000835.0, 1000821.0, 1000836.0, 1000820.0, 1000836.0, 1000860.0, 1000840.0, 1000861.0, 1000858.0, 1000861.0, 1000872.0, 1000918.0, 1000907.0, 1000929.0, 1000939.00
3.0
11.0
26.0
35.0
41.0
30.0
33.0
43.0
32.0
55.0
74.0
87.0
95.0
108.0
111.0
107.0
97.0
103.0
95.0
104.0
93.0
100.0
95.0
90.0
94.0
84.0
88.0
84.0
96.0
92.0
96.0
103.0
124.0
116.0
129.0
147.0
136.0
125.0
116.0
119.0
103.0
114.0
102.0
95.0
83.0
76.0
88.0
65.0
51.0
59.0
54.0
90.0
65.0
70.0
67.0
74.0
83.0
86.0
90.0
118.0
107.0
101.0
118.0
112.0
104.0
112.0
116.0
126.0
117.0
126.0
128.0
116.0
181.0
186.0
192.0
181.0
190.0
202.0
211.0
194.0
185.0
194.0
202.0
207.0
203.0
211.0
207.0
185.0
174.0
180.0
184.0
188.0
196.0
206.0
195.0
243.0
230.0
238.0
230.0
217.0
207.0
213.0
218.0
211.0
208.0
203.0
193.0
195.0
200.0
209.0
200.0
132.0
146.0
141.0
138.0
129.0
134.0
136.0
170.0
144.0
142.0
130.0
134.0
157.0
140.0
138.0
134.0
107.0
132.0
148.0
144.0
133.0
136.0
144.0
154.0
165.0
161.0
156.0
160.0
157.0
162.0
167.0
162.0
157.0
169.0
166.0
171.0
179.0
175.0
170.0
163.0
159.0
152.0
165.0
179.0
183.0
178.0
192.0
201.0
191.0
196.0
187.0
191.0
185.0
182.0
214.0
211.0
237.0
241.0
244.0
247.0
243.0
251.0
254.0
245.0
247.0
258.0
275.0
291.0
297.0
287.0
280.0
288.0
292.0
314.0
318.0
309.0
322.0
327.0
333.0
318.0
330.0
323.0
332.0
338.0
345.0
339.0
343.0
332.0
336.0
326.0
331.0
340.0
333.0
336.0
348.0
352.0
344.0
356.0
373.0
378.0
374.0
382.0
413.0
422.0
412.0
408.0
403.0
406.0
415.0
423.0
419.0
425.0
417.0
424.0
430.0
434.0
427.0
432.0
423.0
394.0
402.0
410.0
406.0
445.0
441.0
453.0
439.0
453.0
471.0
453.0
444.0
435.0
441.0
455.0
467.0
469.0
466.0
471.0
485.0
504.0
510.0
527.0
534.0
547.0
532.0
406.0
561.0
527.0
557.0
562.0
572.0
559.0
554.0
561.0
579.0
589.0
595.0
586.0
578.0
570.0
577.0
584.0
574.0
583.0
570.0
560.0
564.0
569.0
578.0
566.0
577.0
584.0
578.0
570.0
576.0
602.0
597.0
592.0
595.0
606.0
591.0
600.0
595.0
605.0
608.0
615.0
624.0
628.0
606.0
600.0
609.0
612.0
627.0
611.0
617.0
623.0
618.0
623.0
613.0
626.0
567.0
590.0
601.0
610.0
616.0
622.0
663.0
682.0
678.0
672.0
682.0
678.0
684.0
677.0
684.0
688.0
681.0
685.0
695.0
691.0
703.0
706.0
715.0
706.0
714.0
722.0
734.0
729.0
711.0
717.0
708.0
715.0
727.0
736.0
742.0
744.0
733.0
728.0
721.0
729.0
747.0
742.0
755.0
764.0
754.0
751.0
764.0
774.0
780.0
772.0
766.0
776.0
785.0
779.0
783.0
791.0
781.0
785.0
773.0
780.0
789.0
769.0
781.0
802.0
820.0
829.0
835.0
832.0
829.0
825.0
843.0
849.0
842.0
831.0
851.0
873.0
935.0
950.0
942.0
938.0
929.0
917.0
912.0
907.0
932.0
920.0
914.0
902.0
912.0
908.0
903.0
946.0
936.0
949.0
955.0
962.0
965.0
968.0
971.0
964.0
971.0
998.0
992.0
1000.0
1013.0
1036.0
1028.0
1013.0
1008.0
1018.0
1028.0
1032.0
1042.0
1054.0
1058.0
1049.0
1058.0
1068.0
1081.0
1097.0
1100.0
1110.0
1121.0
1124.0
1239.0
1215.0
1199.0
1185.0
1246.0
1249.0
1254.0
1257.0
1252.0
1244.0
1248.0
1243.0
1253.0
1263.0
1283.0
1287.0
1281.0
1286.0
1290.0
1298.0
1289.0
1293.0
1283.0
1270.0
1276.0
1282.0
1287.0
1278.0
1282.0
1291.0
1279.0
1286.0
1280.0
1285.0
1276.0
1271.0
