Mon Sep 12 17:34:44 2022,14155.0,13401.0,754.0,0.00768268024603442,0.008843146911526501,741.9,742.1291666666667,0,0,0,0,0,0,

Mon Sep 12 17:34:45 2022,14155.0,13401.0,754.0,0.00787741589351394,0.008907464614496234,742.0875,742.1916666666667,0,0,0,0,0,0,

Mon Sep 12 17:34:46 2022,14155.0,13401.0,754.0,0.008069087861190118,0.00897147406627101,742.275,742.2541666666667,0,0,0,0,0,0,

Mon Sep 12 17:34:47 2022,14155.0,13401.0,754.0,0.008252238937974415,0.009033403199003066,742.475,742.3208333333333,0,0,0,0,0,0,

Mon Sep 12 17:34:48 2022,14155.0,13405.0,750.0,0.008432224338600575,0.0090950365384895,742.675,742.3875,0,0,0,0,0,0,

Mon Sep 12 17:34:49 2022,14155.0,13405.0,750.0,0.008547021270738692,0.009135450722847473,742.8125,742.4333333333333,0,0,0,0,0,0,

Mon Sep 12 17:34:50 2022,14155.0,13405.0,750.0,0.008659619223368619,0.00917565068293188,742.95,742.4791666666666,0,0,0,0,0,0,

Mon Sep 12 17:34:51 2022,14155.0,13405.0,750.0,0.008770013109508269,0.009215634467016688,743.0875,742.525,0,0,0,0,0,0,

Mon Sep 12 17:34:52 2022,14155.0,13405.0,750.0,0.008872945007199195,0.009253696280118602,743.2375,742.575,0,0,0,0,0,0,

Mon Sep 12 17:34:53 2022,14155.0,13405.0,750.0,0.008973556567965108,0.009291549701722954,743.3875,742.625,0,0,0,0,0,0,

Mon Sep 12 17:34:54 2022,14165.0,13405.0,760.0,0.009071839648789617,0.009329191713334623,743.5375,742.675,0,0,0,0,0,0,

Mon Sep 12 17:34:55 2022,14165.0,13405.0,760.0,0.009333721266093928,0.009422480030388617,743.8125,742.7666666666667,0,0,0,0,0,0,

Mon Sep 12 17:34:56 2022,14165.0,13405.0,760.0,0.009591081538165057,0.009515308578507329,744.0875,742.8583333333333,0,0,0,0,0,0,

Mon Sep 12 17:34:57 2022,14165.0,13405.0,760.0,0.009843916306964578,0.009607674938908827,744.3625,742.95,0,0,0,0,0,0,

Mon Sep 12 17:34:58 2022,14165.0,13405.0,760.0,0.01009222184303944,0.009699576836912983,744.6375,743.0416666666666,0,0,0,0,0,0,

Mon Sep 12 17:34:59 2022,14165.0,13405.0,760.0,0.010335994813518486,0.009791012131271766,744.9125,743.1333333333333,0,0,0,0,0,0,

Mon Sep 12 17:35:00 2022,14165.0,13405.0,760.0,0.010575232253016716,0.009881978804468783,745.1875,743.225,0,0,0,0,0,0,

Mon Sep 12 17:35:01 2022,14165.0,13405.0,760.0,0.010809931537135997,0.009972474953884324,745.4625,743.3166666666667,0,0,0,0,0,0,

Mon Sep 12 17:35:02 2022,14164.0,13405.0,759.0,0.011040090358289126,0.010062498783734835,745.7375,743.4083333333333,0,0,0,0,0,0,

Mon Sep 12 17:35:03 2022,14164.0,13405.0,759.0,0.01124916404896681,0.010146468310520258,746.0,743.4958333333333,0,0,0,0,0,0,

Mon Sep 12 17:35:04 2022,14164.0,13405.0,759.0,0.011453912489638967,0.010229986734655493,746.2625,743.5833333333334,0,0,0,0,0,0,

Mon Sep 12 17:35:05 2022,14164.0,13405.0,759.0,0.011654333886933682,0.010313052527451006,746.525,743.6708333333333,0,0,0,0,0,0,

Mon Sep 12 17:35:06 2022,14164.0,13405.0,759.0,0.01185042668692208,0.01039566424109589,746.7875,743.7583333333333,0,0,0,0,0,0,

Mon Sep 12 17:35:07 2022,14164.0,13405.0,759.0,0.012042189559471289,0.010477820503440656,747.05,743.8458333333333,0,0,0,0,0,0,

Mon Sep 12 17:35:08 2022,14164.0,13405.0,759.0,0.012229621383838757,0.010559520013193806,747.3125,743.9333333333333,0,0,0,0,0,0,

Mon Sep 12 17:35:09 2022,14164.0,13405.0,759.0,0.0124127212353917,0.01064076153549345,747.575,744.0208333333334,0,0,0,0,0,0,

Mon Sep 12 17:35:10 2022,14166.0,13405.0,761.0,0.012591488373347809,0.010721543897819352,747.8375,744.1083333333333,0,0,0,0,0,0,

Mon Sep 12 17:35:11 2022,14166.0,13405.0,761.0,0.012782031591442965,0.01080743510039958,748.1375,744.2083333333334,0,0,0,0,0,0,

Mon Sep 12 17:35:12 2022,14166.0,13405.0,761.0,0.012967841193635483,0.010892874856693905,748.4375,744.3083333333333,0,0,0,0,0,0,

Mon Sep 12 17:35:13 2022,14166.0,13405.0,761.0,0.013148910608809097,0.010977859768746124,748.7375,744.4083333333333,0,0,0,0,0,0,

Mon Sep 12 17:35:15 2022,14166.0,13405.0,761.0,0.013325233723348446,0.01106238659267412,749.0375,744.5083333333333,0,0,0,0,0,0,

Mon Sep 12 17:35:16 2022,14166.0,13405.0,761.0,0.013496804854772186,0.011146452229878319,749.3375,744.6083333333333,0,0,0,0,0,0,

Mon Sep 12 17:35:17 2022,14166.0,13405.0,761.0,0.013663618727220083,0.011230053718868122,749.6375,744.7083333333334,0,0,0,0,0,0,

Mon Sep 12 17:35:18 2022,14166.0,13405.0,761.0,0.013825670448639879,0.01131318822765497,749.9375,744.8083333333333,0,0,0,0,0,0,

Mon Sep 12 17:35:19 2022,14166.0,13405.0,761.0,0.013982955489534467,0.011395853046665487,750.2375,744.9083333333333,0,0,0,0,0,0,

Mon Sep 12 17:35:20 2022,14166.0,13405.0,761.0,0.014135469663143089,0.01147804558213265,750.5375,745.0083333333333,0,0,0,0,0,0,

Mon Sep 12 17:35:21 2022,14166.0,13405.0,761.0,0.014283209106942014,0.011559763349926795,750.8375,745.1083333333333,0,0,0,0,0,0,

Mon Sep 12 17:35:22 2022,14166.0,13405.0,761.0,0.01442617026536072,0.011641003969791772,751.1375,745.2083333333334,0,0,0,0,0,0,

Mon Sep 12 17:35:23 2022,14166.0,13405.0,761.0,0.01422576654291708,0.011609831822754782,751.6875,745.3916666666667,0,0,0,0,0,0,

Mon Sep 12 17:35:24 2022,14166.0,13405.0,761.0,0.014020537019923299,0.011579089266938224,752.2375,745.575,0,0,0,0,0,0,

Mon Sep 12 17:35:25 2022,14166.0,13405.0,761.0,0.013810386251888023,0.011548740495050256,752.7875,745.7583333333333,0,0,0,0,0,0,

Mon Sep 12 17:35:26 2022,14166.0,13405.0,761.0,0.013595222738987719,0.011518751024180042,753.3375,745.9416666666667,0,0,0,0,0,0,

Mon Sep 12 17:35:27 2022,14166.0,13405.0,761.0,0.013505395045088511,0.01149469738073067,753.475,746.1208333333333,0,0,0,0,0,0,

Mon Sep 12 17:35:28 2022,14166.0,13405.0,761.0,0.013415849970085924,0.011470896934696571,753.6125,746.3,0,0,0,0,0,0,

Mon Sep 12 17:35:29 2022,14166.0,13405.0,761.0,0.013326587302611808,0.01144732026081104,753.75,746.4791666666666,0,0,0,0,0,0,

Mon Sep 12 17:35:30 2022,14166.0,13405.0,761.0,0.013287163551340266,0.01146887020802701,753.925,746.625,0,0,0,0,0,0,

Mon Sep 12 17:35:31 2022,14165.0,13405.0,760.0,0.013246741507903722,0.011490271454203808,754.1,746.7708333333334,0,0,0,0,0,0,

Mon Sep 12 17:35:32 2022,14165.0,13405.0,760.0,0.013188958465844891,0.011505953873466286,754.2625,746.9125,0,0,0,0,0,0,

Mon Sep 12 17:35:33 2022,14165.0,13405.0,760.0,0.013130391057210325,0.011521482269224979,754.425,747.0541666666667,0,0,0,0,0,0,

Mon Sep 12 17:35:34 2022,14165.0,13405.0,760.0,0.013071039862638455,0.011536842373164099,754.5875,747.1958333333333,0,0,0,0,0,0,

Mon Sep 12 17:35:35 2022,14165.0,13405.0,760.0,0.013010905462281697,0.01155202040149164,754.75,747.3375,0,0,0,0,0,0,

Mon Sep 12 17:35:36 2022,14165.0,13405.0,760.0,0.012949988435806945,0.011567003033680811,754.9125,747.4791666666666,0,0,0,0,0,0,

Mon Sep 12 17:35:37 2022,14166.0,13405.0,761.0,0.012888289362396055,0.011581777392364307,755.075,747.6208333333333,0,0,0,0,0,0,

Mon Sep 12 17:35:39 2022,14166.0,13405.0,761.0,0.012842151441988593,0.011607507665321096,755.25,747.7625,0,0,0,0,0,0,

Mon Sep 12 17:35:40 2022,14166.0,13405.0,761.0,0.012795020793693048,0.011632945300818999,755.425,747.9041666666667,0,0,0,0,0,0,

Mon Sep 12 17:35:41 2022,14166.0,13405.0,761.0,0.012746898182835453,0.01165807986234253,755.6,748.0458333333333,0,0,0,0,0,0,

Mon Sep 12 17:35:42 2022,14166.0,13405.0,761.0,0.012697570639984253,0.01172232078083748,755.775,748.1583333333333,0,0,0,0,0,0,

Mon Sep 12 17:35:43 2022,14165.0,13405.0,760.0,0.012647039052019264,0.011786000176602605,755.95,748.2708333333334,0,0,0,0,0,0,

Mon Sep 12 17:35:44 2022,14165.0,13405.0,760.0,0.012578980355126956,0.011843572685228954,756.1125,748.3791666666667,0,0,0,0,0,0,

Mon Sep 12 17:35:45 2022,14165.0,13405.0,760.0,0.01250993073270694,0.011900605367827116,756.275,748.4875,0,0,0,0,0,0,

Mon Sep 12 17:35:46 2022,14167.0,13405.0,762.0,0.012439890882447308,0.011957096937315368,756.4375,748.5958333333333,0,0,0,0,0,0,

Mon Sep 12 17:35:47 2022,14167.0,13405.0,762.0,0.01240148809416259,0.012024129292787749,756.625,748.7125,0,0,0,0,0,0,

Mon Sep 12 17:35:48 2022,14167.0,13405.0,762.0,0.012361673795068239,0.012090569309217198,756.8125,748.8291666666667,0,0,0,0,0,0,

Mon Sep 12 17:35:49 2022,14167.0,13405.0,762.0,0.012320449068527936,0.012156415854554552,757.0,748.9458333333333,0,0,0,0,0,0,

Mon Sep 12 17:35:50 2022,14167.0,13405.0,762.0,0.01227781499694481,0.012221667835559192,757.1875,749.0625,0,0,0,0,0,0,

Mon Sep 12 17:35:51 2022,14167.0,13405.0,762.0,0.012233772661762479,0.012286324196305147,757.375,749.1791666666667,0,0,0,0,0,0,

Mon Sep 12 17:35:52 2022,14167.0,13405.0,762.0,0.01218832314346608,0.01235038391675824,757.5625,749.2958333333333,0,0,0,0,0,0,

Mon Sep 12 17:35:53 2022,14167.0,13405.0,762.0,0.012141467521583304,0.01241384601142024,757.75,749.4125,0,0,0,0,0,0,

Mon Sep 12 17:35:54 2022,14167.0,13405.0,762.0,0.012093206874685423,0.01247670952803628,757.9375,749.5291666666667,0,0,0,0,0,0,

Mon Sep 12 17:35:55 2022,14167.0,13405.0,762.0,0.01204354228038833,0.01253897354636202,758.125,749.6458333333334,0,0,0,0,0,0,

Mon Sep 12 17:35:56 2022,14167.0,13405.0,762.0,0.011992474815353555,0.01259095609241022,758.3125,749.7458333333333,0,0,0,0,0,0,

Mon Sep 12 17:35:57 2022,14167.0,13405.0,762.0,0.0119400055552893,0.012642520986819726,758.5,749.8458333333333,0,0,0,0,0,0,

Mon Sep 12 17:35:58 2022,14167.0,13405.0,762.0,0.011886135574951471,0.012693665719678955,758.6875,749.9458333333333,0,0,0,0,0,0,

Mon Sep 12 17:35:59 2022,14167.0,13405.0,762.0,0.011830865948144682,0.012744387852548372,758.875,750.0458333333333,0,0,0,0,0,0,

Mon Sep 12 17:36:00 2022,14167.0,13405.0,762.0,0.011774197747723304,0.01279468501591896,759.0625,750.1458333333334,0,0,0,0,0,0,

Mon Sep 12 17:36:02 2022,14167.0,13405.0,762.0,0.01160097667343921,0.012844554906782567,759.1625,750.2458333333333,0,0,0,0,0,0,

Mon Sep 12 17:36:03 2022,14167.0,13405.0,762.0,0.011429321068650555,0.01289399528630829,759.2625,750.3458333333333,0,0,0,0,0,0,

Mon Sep 12 17:36:04 2022,14167.0,13405.0,762.0,0.01125922974080811,0.012943003977619365,759.3625,750.4458333333333,0,0,0,0,0,0,

Mon Sep 12 17:36:05 2022,14167.0,13405.0,762.0,0.0110907014984255,0.01299157886366543,759.4625,750.5458333333333,0,0,0,0,0,0,

Mon Sep 12 17:36:06 2022,14167.0,13405.0,762.0,0.010923735151078062,0.013039717885185235,759.5625,750.6458333333334,0,0,0,0,0,0,

Mon Sep 12 17:36:07 2022,14167.0,13405.0,762.0,0.010758329509401681,0.013087419038755294,759.6625,750.7458333333333,0,0,0,0,0,0,

Mon Sep 12 17:36:08 2022,14163.0,13405.0,758.0,0.010594483385091641,0.0131346803749201,759.7625,750.8458333333333,0,0,0,0,0,0,

Mon Sep 12 17:36:09 2022,14163.0,13405.0,758.0,0.010426851190974619,0.013159399110305529,759.8125,750.9291666666667,0,0,0,0,0,0,

Mon Sep 12 17:36:10 2022,14163.0,13405.0,758.0,0.010263459855833148,0.013183770540457147,759.8625,751.0125,0,0,0,0,0,0,

Mon Sep 12 17:36:11 2022,14163.0,13405.0,758.0,0.010104307429533272,0.013207792821028666,759.9125,751.0958333333333,0,0,0,0,0,0,

Mon Sep 12 17:36:12 2022,14163.0,13405.0,758.0,0.010016456435784325,0.013231464154926233,760.0125,751.1791666666667,0,0,0,0,0,0,

Mon Sep 12 17:36:13 2022,14163.0,13405.0,758.0,0.009932581378331227,0.01325478279079017,760.1125,751.2625,0,0,0,0,0,0,

Mon Sep 12 17:36:14 2022,14163.0,13405.0,758.0,0.009852680961252944,0.01327774702153715,760.2125,751.3458333333333,0,0,0,0,0,0,

Mon Sep 12 17:36:15 2022,14163.0,13405.0,758.0,0.009776966034554687,0.013300355182959975,760.3125,751.4291666666667,0,0,0,0,0,0,

Mon Sep 12 17:36:16 2022,14163.0,13405.0,758.0,0.009705435139536778,0.013322605652382212,760.4125,751.5125,0,0,0,0,0,0,

Mon Sep 12 17:36:17 2022,14163.0,13405.0,758.0,0.009638086818291494,0.01334449684736516,760.5125,751.5958333333333,0,0,0,0,0,0,

Mon Sep 12 17:36:18 2022,14163.0,13405.0,758.0,0.009406937457270961,0.013366027224464705,760.4875,751.6791666666667,0,0,0,0,0,0,

Mon Sep 12 17:36:19 2022,14163.0,13405.0,758.0,0.009180098797735434,0.013387195278035778,760.4625,751.7625,0,0,0,0,0,0,

Mon Sep 12 17:36:20 2022,14163.0,13405.0,758.0,0.008957567324990263,0.013407999539082244,760.4375,751.8458333333333,0,0,0,0,0,0,

Mon Sep 12 17:36:21 2022,14163.0,13405.0,758.0,0.00873933952820231,0.013428438574150168,760.4125,751.9291666666667,0,0,0,0,0,0,

Mon Sep 12 17:36:23 2022,14163.0,13405.0,758.0,0.00852541190039424,0.013448510984262495,760.3875,752.0125,0,0,0,0,0,0,

Mon Sep 12 17:36:24 2022,14163.0,13405.0,758.0,0.008315780938438828,0.013468215403893332,760.3625,752.0958333333333,0,0,0,0,0,0,

Mon Sep 12 17:36:25 2022,14163.0,13405.0,758.0,0.008110443143053278,0.01348755049998004,760.3375,752.1791666666667,0,0,0,0,0,0,

Mon Sep 12 17:36:26 2022,14163.0,13405.0,758.0,0.00790939501879354,0.013506514970971491,760.3125,752.2625,0,0,0,0,0,0,

Mon Sep 12 17:36:27 2022,14163.0,13405.0,758.0,0.007729380621344246,0.013525107545910938,760.3,752.3458333333333,0,0,0,0,0,0,

Mon Sep 12 17:36:28 2022,14163.0,13405.0,758.0,0.0075536348642923174,0.01354332698355194,760.2875,752.4291666666667,0,0,0,0,0,0,

Mon Sep 12 17:36:29 2022,14163.0,13405.0,758.0,0.007382154594850464,0.013561172071505988,760.275,752.5125,0,0,0,0,0,0,

Mon Sep 12 17:36:30 2022,14163.0,13405.0,758.0,0.007214936663548633,0.013578641625420433,760.2625,752.5958333333333,0,0,0,0,0,0,

Mon Sep 12 17:36:31 2022,14163.0,13405.0,758.0,0.00705197792422933,0.013595734488185447,760.25,752.6791666666667,0,0,0,0,0,0,

Mon Sep 12 17:36:32 2022,14163.0,13405.0,758.0,0.006893275234042983,0.013612449529168798,760.2375,752.7625,0,0,0,0,0,0,

Mon Sep 12 17:36:33 2022,14163.0,13405.0,758.0,0.0067388254534432816,0.01362878564347727,760.225,752.8458333333333,0,0,0,0,0,0,

Mon Sep 12 17:36:34 2022,14163.0,13405.0,758.0,0.006588625446182539,0.013644741751243637,760.2125,752.9291666666667,0,0,0,0,0,0,

Mon Sep 12 17:36:35 2022,14163.0,13405.0,758.0,0.006409481547271326,0.013660316796938105,760.175,753.0125,0,0,0,0,0,0,

Mon Sep 12 17:36:36 2022,14163.0,13405.0,758.0,0.006234819329356612,0.013664309480646704,760.1375,753.0875,0,0,0,0,0,0,

Mon Sep 12 17:36:37 2022,14163.0,13405.0,758.0,0.006064634647625371,0.013668042076164509,760.1,753.1625,0,0,0,0,0,0,

Mon Sep 12 17:36:38 2022,14163.0,13405.0,758.0,0.005898923362162864,0.01367151254047858,760.0625,753.2375,0,0,0,0,0,0,

Mon Sep 12 17:36:39 2022,14163.0,13405.0,758.0,0.005737681337944774,0.013674718873306591,760.025,753.3125,0,0,0,0,0,0,

Mon Sep 12 17:36:40 2022,14163.0,13405.0,758.0,0.005580904444829369,0.01367765911595811,759.9875,753.3875,0,0,0,0,0,0,

Mon Sep 12 17:36:41 2022,14163.0,13405.0,758.0,0.005428588557549665,0.01368033135023354,759.95,753.4625,0,0,0,0,0,0,

Mon Sep 12 17:36:42 2022,14163.0,13405.0,758.0,0.005280729555705616,0.013677133390154968,759.9125,753.5333333333333,0,0,0,0,0,0,

Mon Sep 12 17:36:43 2022,14163.0,13405.0,758.0,0.005137323323756318,0.01367372382254955,759.875,753.6041666666666,0,0,0,0,0,0,

Mon Sep 12 17:36:44 2022,14163.0,13405.0,758.0,0.004998365751012222,0.013670100353011404,759.8375,753.675,0,0,0,0,0,0,

Mon Sep 12 17:36:45 2022,14163.0,13405.0,758.0,0.004863852731627378,0.013666260732960072,759.8,753.7458333333333,0,0,0,0,0,0,

Mon Sep 12 17:36:47 2022,14163.0,13405.0,758.0,0.004737990381641844,0.013662202758464848,759.7625,753.8166666666667,0,0,0,0,0,0,

Mon Sep 12 17:36:48 2022,14163.0,13405.0,758.0,0.004620765090324062,0.01365792426910655,759.725,753.8875,0,0,0,0,0,0,

Mon Sep 12 17:36:49 2022,14163.0,13405.0,758.0,0.004512163276633027,0.013653423146875326,759.6875,753.9583333333334,0,0,0,0,0,0,

Mon Sep 12 17:36:50 2022,14163.0,13405.0,758.0,0.004412171389131543,0.01364869731510311,759.65,754.0291666666667,0,0,0,0,0,0,

Mon Sep 12 17:36:51 2022,14163.0,13405.0,758.0,0.004313868050579367,0.013626944314525402,759.6125,754.0875,0,0,0,0,0,0,

Mon Sep 12 17:36:52 2022,14163.0,13405.0,758.0,0.004217252359317946,0.0136051378426691,759.575,754.1458333333334,0,0,0,0,0,0,

Mon Sep 12 17:36:53 2022,14163.0,13405.0,758.0,0.004122323414139894,0.013583274596591269,759.5375,754.2041666666667,0,0,0,0,0,0,

Mon Sep 12 17:36:54 2022,14163.0,13405.0,758.0,0.004029707926305467,0.013561351335300412,759.5,754.2625,0,0,0,0,0,0,

Mon Sep 12 17:36:55 2022,14163.0,13405.0,758.0,0.00393940447537252,0.013539364878239075,759.4625,754.3208333333333,0,0,0,0,0,0,

Mon Sep 12 17:36:56 2022,14163.0,13405.0,758.0,0.0038679804769289556,0.013517312103812637,759.4375,754.3791666666667,0,0,0,0,0,0,

Mon Sep 12 17:36:57 2022,14163.0,13405.0,758.0,0.0037988586838019864,0.013523187122916598,759.4125,754.4583333333334,0,0,0,0,0,0,

Mon Sep 12 17:36:58 2022,14163.0,13405.0,758.0,0.0037320379004931506,0.013472711577720491,759.3875,754.4958333333333,0,0,0,0,0,0,

Mon Sep 12 17:36:59 2022,14163.0,13405.0,758.0,0.0036675169322560285,0.013422448050036033,759.3625,754.5333333333333,0,0,0,0,0,0,

Mon Sep 12 17:37:00 2022,14163.0,13405.0,758.0,0.0036052945850955985,0.013372391536820082,759.3375,754.5708333333333,0,0,0,0,0,0,

Mon Sep 12 17:37:01 2022,14163.0,13405.0,758.0,0.003545369665767583,0.013322537124612564,759.3125,754.6083333333333,0,0,0,0,0,0,

Mon Sep 12 17:37:02 2022,14163.0,13405.0,758.0,0.0034711929210679104,0.013272879987418974,759.275,754.6458333333334,0,0,0,0,0,0,

Mon Sep 12 17:37:03 2022,14163.0,13405.0,758.0,0.0033993175845330502,0.013223415384655091,759.2375,754.6833333333333,0,0,0,0,0,0,

Mon Sep 12 17:37:04 2022,14163.0,13405.0,758.0,0.0033297422437407877,0.013196526628279933,759.2,754.7375,0,0,0,0,0,0,

Mon Sep 12 17:37:05 2022,14163.0,13405.0,758.0,0.0032624654871987215,0.013169596883992087,759.1625,754.7916666666666,0,0,0,0,0,0,

Mon Sep 12 17:37:06 2022,14163.0,13405.0,758.0,0.003197485904343406,0.013142623216680357,759.125,754.8458333333333,0,0,0,0,0,0,

Mon Sep 12 17:37:07 2022,14163.0,13405.0,758.0,0.003151331576452867,0.01311560274223705,759.1,754.9,0,0,0,0,0,0,

Mon Sep 12 17:37:09 2022,14163.0,13405.0,758.0,0.003107465830649964,0.013088532626399555,759.075,754.9541666666667,0,0,0,0,0,0,

Mon Sep 12 17:37:10 2022,14163.0,13405.0,758.0,0.0030658874799540125,0.01306141008362461,759.05,755.0083333333333,0,0,0,0,0,0,

Mon Sep 12 17:37:11 2022,14163.0,13405.0,758.0,0.0029935575754891264,0.013028636142930648,759.0,755.0583333333333,0,0,0,0,0,0,

Mon Sep 12 17:37:12 2022,14163.0,13405.0,758.0,0.0029235241198526047,0.012984667309489113,758.95,755.1,0,0,0,0,0,0,

Mon Sep 12 17:37:13 2022,14163.0,13405.0,758.0,0.0028557854596594195,0.012940801915682846,758.9,755.1416666666667,0,0,0,0,0,0,

Mon Sep 12 17:37:14 2022,14163.0,13405.0,758.0,0.00279033994265089,0.012897036282222758,758.85,755.1833333333333,0,0,0,0,0,0,

Mon Sep 12 17:37:15 2022,14163.0,13405.0,758.0,0.0027271859176935267,0.012853366791074199,758.8,755.225,0,0,0,0,0,0,

Mon Sep 12 17:37:16 2022,14163.0,13405.0,758.0,0.002666321734777904,0.0128097898841138,758.75,755.2666666666667,0,0,0,0,0,0,

Mon Sep 12 17:37:17 2022,14163.0,13405.0,758.0,0.0026077457450175106,0.012766302061822927,758.7,755.3083333333333,0,0,0,0,0,0,

Mon Sep 12 17:37:18 2022,14163.0,13405.0,758.0,0.002551456300647615,0.012722899882016562,758.65,755.35,0,0,0,0,0,0,

Mon Sep 12 17:37:19 2022,14163.0,13405.0,758.0,0.002497451755024131,0.012679579958606448,758.6,755.3916666666667,0,0,0,0,0,0,

Mon Sep 12 17:37:20 2022,14163.0,13405.0,758.0,0.0024457304626224778,0.012636338960397415,758.55,755.4333333333333,0,0,0,0,0,0,

Mon Sep 12 17:37:21 2022,14163.0,13405.0,758.0,0.0023962907790364527,0.012593173609915815,758.5,755.475,0,0,0,0,0,0,

Mon Sep 12 17:37:22 2022,14163.0,13405.0,758.0,0.0023491310609770927,0.012550080682269038,758.45,755.5166666666667,0,0,0,0,0,0,

Mon Sep 12 17:37:23 2022,14163.0,13405.0,758.0,0.002304249666271544,0.012507057004035137,758.4,755.5583333333333,0,0,0,0,0,0,

Mon Sep 12 17:37:24 2022,14163.0,13405.0,758.0,0.0022616449538619375,0.012464099452181602,758.35,755.6,0,0,0,0,0,0,

Mon Sep 12 17:37:25 2022,14163.0,13405.0,758.0,0.0022198693330921756,0.01242120495301238,758.3,755.6416666666667,0,0,0,0,0,0,

Mon Sep 12 17:37:26 2022,14163.0,13405.0,758.0,0.0021789222599108518,0.012378370481142254,758.25,755.6833333333333,0,0,0,0,0,0,

Mon Sep 12 17:37:27 2022,14163.0,13405.0,758.0,0.0021388031904170757,0.012335593058497723,758.2,755.725,0,0,0,0,0,0,

Mon Sep 12 17:37:28 2022,14163.0,13405.0,758.0,0.002099511580860381,0.012292869753343594,758.15,755.7666666666667,0,0,0,0,0,0,

Mon Sep 12 17:37:29 2022,14163.0,13405.0,758.0,0.00206104688764063,0.012250197679334458,758.1,755.8083333333333,0,0,0,0,0,0,

Mon Sep 12 17:37:30 2022,14163.0,13405.0,758.0,0.00202340856730791,0.01220757399459033,758.05,755.85,0,0,0,0,0,0,

Mon Sep 12 17:37:32 2022,14163.0,13405.0,758.0,0.001986596076562447,0.012148222474843103,758.0,755.8791666666667,0,0,0,0,0,0,

Mon Sep 12 17:37:33 2022,14163.0,13405.0,758.0,0.0019567778648325795,0.012089069173473712,758.0,755.9083333333333,0,0,0,0,0,0,

Mon Sep 12 17:37:34 2022,14163.0,13405.0,758.0,0.0019261390979504142,0.012030110484044012,758.0,755.9375,0,0,0,0,0,0,

Mon Sep 12 17:37:35 2022,14163.0,13405.0,758.0,0.0018946798838961642,0.011971342854493547,758.0,755.9666666666667,0,0,0,0,0,0,

Mon Sep 12 17:37:36 2022,14163.0,13405.0,758.0,0.001861580099353146,0.011912762786055471,758.0,755.9958333333333,0,0,0,0,0,0,

Mon Sep 12 17:37:37 2022,14163.0,13405.0,758.0,0.00182684017598654,0.011854366832199365,758.0,756.025,0,0,0,0,0,0,

Mon Sep 12 17:37:38 2022,14163.0,13405.0,758.0,0.0017904605452911755,0.011796151597600115,758.0,756.0541666666667,0,0,0,0,0,0,

Mon Sep 12 17:37:39 2022,14163.0,13405.0,758.0,0.0017524416385916277,0.011738113737132124,758.0,756.0833333333334,0,0,0,0,0,0,

Mon Sep 12 17:37:40 2022,14163.0,13405.0,758.0,0.0017127838870423036,0.011680249954888096,758.0,756.1125,0,0,0,0,0,0,

Mon Sep 12 17:37:41 2022,14165.0,13405.0,760.0,0.0016714877216275333,0.011622557003221666,758.0,756.1416666666667,0,0,0,0,0,0,

Mon Sep 12 17:37:42 2022,14165.0,13405.0,760.0,0.0016631693063487137,0.011576005968707571,758.025,756.1791666666667,0,0,0,0,0,0,

Mon Sep 12 17:37:43 2022,14165.0,13405.0,760.0,0.0016548471650549754,0.011529572843118297,758.05,756.2166666666667,0,0,0,0,0,0,

Mon Sep 12 17:37:44 2022,14165.0,13405.0,760.0,0.0016465213519384165,0.011483254526242583,758.075,756.2541666666667,0,0,0,0,0,0,

Mon Sep 12 17:37:45 2022,14166.0,13405.0,761.0,0.0016381919211910974,0.011437047962524078,758.1,756.2916666666666,0,0,0,0,0,0,

Mon Sep 12 17:37:46 2022,14166.0,13405.0,761.0,0.0016461400944204688,0.011396436109310267,758.1375,756.3333333333334,0,0,0,0,0,0,

Mon Sep 12 17:37:47 2022,14167.0,13405.0,762.0,0.0016538773700663701,0.011355906664363888,758.175,756.375,0,0,0,0,0,0,

Mon Sep 12 17:37:48 2022,14167.0,13405.0,762.0,0.0016776828770606184,0.011320942012770717,758.225,756.4208333333333,0,0,0,0,0,0,

Mon Sep 12 17:37:49 2022,14165.0,13405.0,760.0,0.0017010697927869716,0.011286030548213836,758.275,756.4666666666667,0,0,0,0,0,0,

Mon Sep 12 17:37:50 2022,14165.0,13405.0,760.0,0.0016912789818171229,0.011240200085970197,758.3,756.5041666666667,0,0,0,0,0,0,

Mon Sep 12 17:37:51 2022,14165.0,13405.0,760.0,0.0016812800472098585,0.011194463948895218,758.325,756.5416666666666,0,0,0,0,0,0,

Mon Sep 12 17:37:53 2022,14165.0,13405.0,760.0,0.001671073022933879,0.011148819371353877,758.35,756.5791666666667,0,0,0,0,0,0,

Mon Sep 12 17:37:54 2022,14165.0,13405.0,760.0,0.0016606579429555195,0.0111032636261125,758.375,756.6166666666667,0,0,0,0,0,0,

Mon Sep 12 17:37:55 2022,14165.0,13405.0,760.0,0.0016500348412387571,0.011057794023636184,758.4,756.6541666666667,0,0,0,0,0,0,

Mon Sep 12 17:37:56 2022,14165.0,13405.0,760.0,0.0016392037517452085,0.011012407911402204,758.425,756.6916666666667,0,0,0,0,0,0,

Mon Sep 12 17:37:57 2022,14165.0,13405.0,760.0,0.001628164708434126,0.010967102673228986,758.45,756.7291666666666,0,0,0,0,0,0,

Mon Sep 12 17:37:58 2022,14165.0,13405.0,760.0,0.0016169177452624106,0.010921875728620216,758.475,756.7666666666667,0,0,0,0,0,0,

Mon Sep 12 17:37:59 2022,14165.0,13405.0,760.0,0.001605872796053352,0.010876724532123674,758.5,756.8041666666667,0,0,0,0,0,0,

Mon Sep 12 17:38:00 2022,14165.0,13405.0,760.0,0.0015950299486833437,0.010831646572704405,758.525,756.8416666666667,0,0,0,0,0,0,

Mon Sep 12 17:38:01 2022,14165.0,13405.0,760.0,0.0015843892910350711,0.010786639373131846,758.55,756.8791666666667,0,0,0,0,0,0,

Mon Sep 12 17:38:02 2022,14165.0,13405.0,760.0,0.0015739509109975061,0.010736117908345395,758.575,756.9125,0,0,0,0,0,0,

Mon Sep 12 17:38:03 2022,14165.0,13405.0,760.0,0.0015637148964659166,0.010685710499776674,758.6,756.9458333333333,0,0,0,0,0,0,

Mon Sep 12 17:38:04 2022,14165.0,13405.0,760.0,0.0015536813353418636,0.010635414539567819,758.625,756.9791666666666,0,0,0,0,0,0,

Mon Sep 12 17:38:05 2022,14165.0,13405.0,760.0,0.0015438503155332023,0.010585227454333547,758.65,757.0125,0,0,0,0,0,0,

Mon Sep 12 17:38:06 2022,14165.0,13405.0,760.0,0.0015342219249540904,0.01053514670455991,758.675,757.0458333333333,0,0,0,0,0,0,

Mon Sep 12 17:38:07 2022,14165.0,13405.0,760.0,0.0015247962515249835,0.010485169784016063,758.7,757.0791666666667,0,0,0,0,0,0,

Mon Sep 12 17:38:08 2022,14165.0,13405.0,760.0,0.001515573383172643,0.010435294219178774,758.725,757.1125,0,0,0,0,0,0,

Mon Sep 12 17:38:09 2022,14165.0,13405.0,760.0,0.001506553407830134,0.010385517568669308,758.75,757.1458333333334,0,0,0,0,0,0,

Mon Sep 12 17:38:10 2022,14166.0,13405.0,761.0,0.001497736413436827,0.01033583742270238,758.775,757.1791666666667,0,0,0,0,0,0,

Mon Sep 12 17:38:11 2022,14166.0,13405.0,761.0,0.0015053893561032213,0.010291730998846515,758.8125,757.2166666666667,0,0,0,0,0,0,

Mon Sep 12 17:38:12 2022,14166.0,13405.0,761.0,0.0015130384360521046,0.010247693072470792,758.85,757.2541666666667,0,0,0,0,0,0,

Mon Sep 12 17:38:13 2022,14166.0,13405.0,761.0,0.0015206837752880058,0.010203721329711118,758.8875,757.2916666666666,0,0,0,0,0,0,

Mon Sep 12 17:38:14 2022,14166.0,13405.0,761.0,0.0015283254958153825,0.010171033847197957,758.925,757.3375,0,0,0,0,0,0,

Mon Sep 12 17:38:16 2022,14166.0,13405.0,761.0,0.0015359637196386165,0.010138377846141347,758.9625,757.3833333333333,0,0,0,0,0,0,

Mon Sep 12 17:38:17 2022,14172.0,13405.0,767.0,0.0015435985687620286,0.01010575331874841,759.0,757.4291666666667,0,0,0,0,0,0,

Mon Sep 12 17:38:18 2022,14173.0,13405.0,768.0,0.001648791562325606,0.010122759480605325,759.1125,757.5125,0,0,0,0,0,0,

Mon Sep 12 17:38:19 2022,14175.0,13405.0,770.0,0.0017689850670492223,0.010144990910851411,759.2375,757.6,0,0,0,0,0,0,

Mon Sep 12 17:38:20 2022,14172.0,13405.0,767.0,0.001920012945477828,0.01017789904834278,759.3875,757.6958333333333,0,0,0,0,0,0,

Mon Sep 12 17:38:21 2022,14172.0,13405.0,767.0,0.002020199536176237,0.010194058626911544,759.5,757.7791666666667,0,0,0,0,0,0,

Mon Sep 12 17:38:22 2022,14172.0,13405.0,767.0,0.0021189273232988825,0.010209967112200033,759.6125,757.8625,0,0,0,0,0,0,

Mon Sep 12 17:38:23 2022,14172.0,13405.0,767.0,0.0022161968875782406,0.010225624584655745,759.725,757.9458333333333,0,0,0,0,0,0,

Mon Sep 12 17:38:24 2022,14172.0,13405.0,767.0,0.002312008809503527,0.010241031124695814,759.8375,758.0291666666667,0,0,0,0,0,0,

Mon Sep 12 17:38:25 2022,14172.0,13405.0,767.0,0.0024063636693208382,0.010256186812707032,759.95,758.1125,0,0,0,0,0,0,

Mon Sep 12 17:38:26 2022,14172.0,13405.0,767.0,0.0024994674865009233,0.010271091729045851,760.0625,758.1958333333333,0,0,0,0,0,0,

Mon Sep 12 17:38:27 2022,14172.0,13405.0,767.0,0.00259132087462763,0.010285745954038404,760.175,758.2791666666667,0,0,0,0,0,0,

Mon Sep 12 17:38:28 2022,14172.0,13405.0,767.0,0.002681924447048473,0.01030014956798052,760.2875,758.3625,0,0,0,0,0,0,

Mon Sep 12 17:38:29 2022,14172.0,13405.0,767.0,0.0027712788168747907,0.01031427904208469,760.4,758.4458333333333,0,0,0,0,0,0,

Mon Sep 12 17:38:30 2022,14172.0,13405.0,767.0,0.00285938459698188,0.010328134461098551,760.5125,758.5291666666667,0,0,0,0,0,0,

Mon Sep 12 17:38:31 2022,14172.0,13405.0,767.0,0.0029460368590398223,0.0103417159097385,760.625,758.6125,0,0,0,0,0,0,

Mon Sep 12 17:38:32 2022,14172.0,13405.0,767.0,0.0030312361816036697,0.01035502347268971,760.7375,758.6958333333333,0,0,0,0,0,0,

Mon Sep 12 17:38:33 2022,14172.0,13405.0,767.0,0.0031149831429865237,0.010368057234606156,760.85,758.7791666666667,0,0,0,0,0,0,

Mon Sep 12 17:38:34 2022,14172.0,13405.0,767.0,0.003197689491213298,0.01038081728011061,760.9625,758.8625,0,0,0,0,0,0,

Mon Sep 12 17:38:35 2022,14172.0,13405.0,767.0,0.0032793558853778625,0.010393303693794678,761.075,758.9458333333333,0,0,0,0,0,0,

Mon Sep 12 17:38:36 2022,14172.0,13405.0,767.0,0.003359982984351316,0.010405516560218793,761.1875,759.0291666666667,0,0,0,0,0,0,

Mon Sep 12 17:38:38 2022,14173.0,13405.0,768.0,0.0034395714467821232,0.010417455963912243,761.3,759.1125,0,0,0,0,0,0,

Mon Sep 12 17:38:39 2022,14173.0,13405.0,768.0,0.00353433180519439,0.0104345871198944,761.425,759.2,0,0,0,0,0,0,

Mon Sep 12 17:38:40 2022,14173.0,13405.0,768.0,0.003627845564795707,0.010451421257337756,761.55,759.2875,0,0,0,0,0,0,

Mon Sep 12 17:38:41 2022,14173.0,13405.0,768.0,0.0037201135132862505,0.010467958471214022,761.675,759.375,0,0,0,0,0,0,

Mon Sep 12 17:38:42 2022,14173.0,13405.0,768.0,0.003811136438053282,0.010484198856458514,761.8,759.4625,0,0,0,0,0,0,

Mon Sep 12 17:38:43 2022,14173.0,13405.0,768.0,0.0039009151261713668,0.010500142507970161,761.925,759.55,0,0,0,0,0,0,

Mon Sep 12 17:38:44 2022,14173.0,13405.0,768.0,0.003989450364402605,0.010515789520611527,762.05,759.6375,0,0,0,0,0,0,

Mon Sep 12 17:38:45 2022,14173.0,13405.0,768.0,0.00407674293919685,0.010531139989208823,762.175,759.725,0,0,0,0,0,0,

Mon Sep 12 17:38:46 2022,14173.0,13405.0,768.0,0.004162793636691941,0.010546194008551927,762.3,759.8125,0,0,0,0,0,0,

Mon Sep 12 17:38:47 2022,14173.0,13405.0,768.0,0.004247603242713922,0.010560951673394405,762.425,759.9,0,0,0,0,0,0,

Mon Sep 12 17:38:48 2022,14173.0,13405.0,768.0,0.004331172542777264,0.010575413078453525,762.55,759.9875,0,0,0,0,0,0,

Mon Sep 12 17:38:49 2022,14173.0,13405.0,768.0,0.0044135023220851,0.010550586965870527,762.675,760.0458333333333,0,0,0,0,0,0,

Mon Sep 12 17:38:50 2022,14173.0,13405.0,768.0,0.004494593365529429,0.010525794528799327,762.8,760.1041666666666,0,0,0,0,0,0,

Mon Sep 12 17:38:51 2022,14173.0,13405.0,768.0,0.004574446457691361,0.010501035756719401,762.925,760.1625,0,0,0,0,0,0,

Mon Sep 12 17:38:52 2022,14173.0,13405.0,768.0,0.004653062382841328,0.010476310639114002,763.05,760.2208333333333,0,0,0,0,0,0,

Mon Sep 12 17:38:53 2022,14173.0,13405.0,768.0,0.004730441924939312,0.01045161916547015,763.175,760.2791666666667,0,0,0,0,0,0,

Mon Sep 12 17:38:54 2022,14173.0,13405.0,768.0,0.004806585867635063,0.010426961325278641,763.3,760.3375,0,0,0,0,0,0,

Mon Sep 12 17:38:55 2022,14173.0,13405.0,768.0,0.004881494994268328,0.010402337108034032,763.425,760.3958333333334,0,0,0,0,0,0,

Mon Sep 12 17:38:56 2022,14173.0,13405.0,768.0,0.004954345495217841,0.01037774650323466,763.55,760.4541666666667,0,0,0,0,0,0,

Mon Sep 12 17:38:57 2022,14173.0,13405.0,768.0,0.0050251380444043415,0.01035321325609189,763.675,760.5125,0,0,0,0,0,0,

Mon Sep 12 17:38:58 2022,14173.0,13405.0,768.0,0.005093873315417697,0.010328737347845472,763.8,760.5708333333333,0,0,0,0,0,0,

Mon Sep 12 17:38:59 2022,14173.0,13405.0,768.0,0.005160551981517119,0.010326556544505794,763.925,760.6458333333334,0,0,0,0,0,0,

Mon Sep 12 17:39:00 2022,14173.0,13405.0,768.0,0.005225174715631379,0.010324220805148271,764.05,760.7208333333333,0,0,0,0,0,0,

Mon Sep 12 17:39:02 2022,14173.0,13405.0,768.0,0.005287742190359027,0.010321730179472305,764.175,760.7958333333333,0,0,0,0,0,0,

Mon Sep 12 17:39:03 2022,14173.0,13405.0,768.0,0.005348255077968605,0.010319108330670256,764.3,760.8708333333333,0,0,0,0,0,0,

Mon Sep 12 17:39:04 2022,14173.0,13405.0,768.0,0.005406714050398864,0.01031635530231072,764.425,760.9458333333333,0,0,0,0,0,0,

Mon Sep 12 17:39:05 2022,14172.0,13405.0,767.0,0.005463119779258978,0.010313471137945835,764.55,761.0208333333334,0,0,0,0,0,0,

Mon Sep 12 17:39:06 2022,14172.0,13405.0,767.0,0.005469172834285748,0.010249373647132319,764.6375,761.05,0,0,0,0,0,0,

Mon Sep 12 17:39:07 2022,14172.0,13405.0,767.0,0.005474204533570766,0.010185641314048753,764.725,761.0791666666667,0,0,0,0,0,0,

Mon Sep 12 17:39:08 2022,14172.0,13405.0,767.0,0.005478215178126487,0.01012227402121028,764.8125,761.1083333333333,0,0,0,0,0,0,

Mon Sep 12 17:39:09 2022,14172.0,13405.0,767.0,0.0054812050688554026,0.010059271651178672,764.9,761.1375,0,0,0,0,0,0,

Mon Sep 12 17:39:10 2022,14172.0,13405.0,767.0,0.005467098131522062,0.009996634086562307,764.975,761.1666666666666,0,0,0,0,0,0,

Mon Sep 12 17:39:11 2022,14172.0,13405.0,767.0,0.005452383135569842,0.00993436121001614,765.05,761.1958333333333,0,0,0,0,0,0,

Mon Sep 12 17:39:12 2022,14172.0,13405.0,767.0,0.0054209859386691985,0.009872452904241692,765.1125,761.225,0,0,0,0,0,0,

Mon Sep 12 17:39:13 2022,14172.0,13405.0,767.0,0.0053893935576129195,0.009810909051987006,765.175,761.2541666666667,0,0,0,0,0,0,

Mon Sep 12 17:39:14 2022,14172.0,13405.0,767.0,0.005389751132172874,0.00975528684705134,765.2625,761.2875,0,0,0,0,0,0,

Mon Sep 12 17:39:15 2022,14164.0,13405.0,759.0,0.005389089393609514,0.009699981372047388,765.35,761.3208333333333,0,0,0,0,0,0,

Mon Sep 12 17:39:16 2022,14164.0,13405.0,759.0,0.005465400445313966,0.009626796337649615,765.3375,761.3208333333333,0,0,0,0,0,0,

Mon Sep 12 17:39:17 2022,14164.0,13405.0,759.0,0.005541921987813902,0.009554111598057248,765.325,761.3208333333333,0,0,0,0,0,0,

Mon Sep 12 17:39:18 2022,14166.0,13405.0,761.0,0.005618653987269462,0.009481927035569031,765.3125,761.3208333333333,0,0,0,0,0,0,

Mon Sep 12 17:39:19 2022,14169.0,13405.0,764.0,0.0056633355108517735,0.009399342231679398,765.325,761.3291666666667,0,0,0,0,0,0,

Mon Sep 12 17:39:20 2022,14169.0,13405.0,764.0,0.0056602463026476256,0.009329958625750236,765.375,761.35,0,0,0,0,0,0,

Mon Sep 12 17:39:21 2022,14169.0,13405.0,764.0,0.005658385020302145,0.00926096043504369,765.425,761.3708333333333,0,0,0,0,0,0,

Mon Sep 12 17:39:22 2022,14169.0,13405.0,764.0,0.005657751530120877,0.009181267104399284,765.475,761.3833333333333,0,0,0,0,0,0,

Mon Sep 12 17:39:23 2022,14169.0,13405.0,764.0,0.005658345698432919,0.009102077568367508,765.525,761.3958333333334,0,0,0,0,0,0,

Mon Sep 12 17:39:25 2022,14169.0,13405.0,764.0,0.005660167391590921,0.00902339167540618,765.575,761.4083333333333,0,0,0,0,0,0,

Mon Sep 12 17:39:26 2022,14163.0,13405.0,758.0,0.005663216475971073,0.008945209274034978,765.625,761.4208333333333,0,0,0,0,0,0,

Mon Sep 12 17:39:27 2022,14163.0,13405.0,758.0,0.0057642333494340135,0.008872136539584961,765.6,761.4083333333333,0,0,0,0,0,0,

Mon Sep 12 17:39:28 2022,14163.0,13405.0,758.0,0.005865258774711955,0.008799567526230501,765.575,761.3958333333334,0,0,0,0,0,0,

Mon Sep 12 17:39:29 2022,14163.0,13405.0,758.0,0.005966292698210679,0.008727502078187354,765.55,761.3833333333333,0,0,0,0,0,0,

Mon Sep 12 17:39:30 2022,14155.0,13405.0,750.0,0.0060673350663360765,0.00865594003973301,765.525,761.3708333333333,0,0,0,0,0,0,

Mon Sep 12 17:39:31 2022,14152.0,13405.0,747.0,0.006345815591760445,0.008644834564110682,765.3625,761.3125,0,0,0,0,0,0,

Mon Sep 12 17:39:32 2022,14152.0,13405.0,747.0,0.006622117850669123,0.008633987014017656,765.2,761.2541666666667,0,0,0,0,0,0,

Mon Sep 12 17:39:33 2022,14152.0,13405.0,747.0,0.006896240715241046,0.008623397188137101,765.0375,761.1958333333333,0,0,0,0,0,0,

Mon Sep 12 17:39:34 2022,14152.0,13405.0,747.0,0.00716818305695634,0.008613540517852274,764.875,761.1375,0,0,0,0,0,0,

Mon Sep 12 17:39:35 2022,14152.0,13405.0,747.0,0.007421477282653878,0.008604416440450758,764.7,761.0791666666667,0,0,0,0,0,0,

Mon Sep 12 17:39:36 2022,14152.0,13405.0,747.0,0.0076725959739035905,0.00859602439358866,764.525,761.0208333333334,0,0,0,0,0,0,

Mon Sep 12 17:39:37 2022,14152.0,13405.0,747.0,0.007921537789624192,0.008588363815290245,764.35,760.9625,0,0,0,0,0,0,

Mon Sep 12 17:39:38 2022,14152.0,13405.0,747.0,0.008168301387864185,0.00858141041156092,764.175,760.9041666666667,0,0,0,0,0,0,

Mon Sep 12 17:39:39 2022,14152.0,13405.0,747.0,0.008412885425801066,0.008575163644212236,764.0,760.8458333333333,0,0,0,0,0,0,

Mon Sep 12 17:39:40 2022,14152.0,13405.0,747.0,0.008655288559740505,0.00856962297539759,763.825,760.7875,0,0,0,0,0,0,

Mon Sep 12 17:39:41 2022,14152.0,13405.0,747.0,0.008796747040198262,0.00856459827224686,763.575,760.7291666666666,0,0,0,0,0,0,

Mon Sep 12 17:39:42 2022,14152.0,13405.0,747.0,0.008919615617509669,0.008560089162596724,763.3125,760.6708333333333,0,0,0,0,0,0,

Mon Sep 12 17:39:43 2022,14152.0,13405.0,747.0,0.009007451298706127,0.008561672529375296,763.025,760.6166666666667,0,0,0,0,0,0,

Mon Sep 12 17:39:44 2022,14152.0,13405.0,747.0,0.009142528150407201,0.008563768447294014,762.775,760.5625,0,0,0,0,0,0,

Mon Sep 12 17:39:46 2022,14152.0,13405.0,747.0,0.00927546108552833,0.008566376569970752,762.525,760.5083333333333,0,0,0,0,0,0,

Mon Sep 12 17:39:47 2022,14152.0,13405.0,747.0,0.009406246917821959,0.008569496551187892,762.275,760.4541666666667,0,0,0,0,0,0,

Mon Sep 12 17:39:48 2022,14152.0,13405.0,747.0,0.009534882458695444,0.00857312804489218,762.025,760.4,0,0,0,0,0,0,

Mon Sep 12 17:39:49 2022,14152.0,13405.0,747.0,0.009661364517207519,0.008577270705194599,761.775,760.3458333333333,0,0,0,0,0,0,

Mon Sep 12 17:39:50 2022,14152.0,13405.0,747.0,0.009785689900064719,0.008576329571425297,761.525,760.2875,0,0,0,0,0,0,

Mon Sep 12 17:39:51 2022,14152.0,13405.0,747.0,0.00990785541161785,0.008575877526078732,761.275,760.2291666666666,0,0,0,0,0,0,

Mon Sep 12 17:39:52 2022,14152.0,13405.0,747.0,0.010027857853858407,0.008575914216715443,761.025,760.1708333333333,0,0,0,0,0,0,

Mon Sep 12 17:39:53 2022,14157.0,13405.0,752.0,0.010145694026415008,0.00857627407348113,760.775,760.1125,0,0,0,0,0,0,

Mon Sep 12 17:39:54 2022,14157.0,13405.0,752.0,0.010180196306192425,0.0085496595257081,760.5875,760.075,0,0,0,0,0,0,

Mon Sep 12 17:39:55 2022,14157.0,13405.0,752.0,0.010213515706914355,0.008529045184432291,760.4,760.0416666666666,0,0,0,0,0,0,

Mon Sep 12 17:39:56 2022,14157.0,13405.0,752.0,0.010245650173842253,0.008508862462663884,760.2125,760.0083333333333,0,0,0,0,0,0,

Mon Sep 12 17:39:57 2022,14160.0,13405.0,755.0,0.010276597651369625,0.008489111167284763,760.025,759.975,0,0,0,0,0,0,

Mon Sep 12 17:39:58 2022,14160.0,13405.0,755.0,0.010257616375808182,0.008442282028570811,759.875,759.9458333333333,0,0,0,0,0,0,

Mon Sep 12 17:39:59 2022,14156.0,13405.0,751.0,0.010238045310705839,0.00839595469046645,759.725,759.9166666666666,0,0,0,0,0,0,

Mon Sep 12 17:40:00 2022,14156.0,13405.0,751.0,0.010282895628466944,0.008371971685249729,759.525,759.8708333333333,0,0,0,0,0,0,

Mon Sep 12 17:40:01 2022,14156.0,13405.0,751.0,0.010326351777120268,0.00834840054780661,759.325,759.825,0,0,0,0,0,0,

Mon Sep 12 17:40:02 2022,14156.0,13405.0,751.0,0.010351997987767588,0.008325241042524871,759.1125,759.7791666666667,0,0,0,0,0,0,

Mon Sep 12 17:40:03 2022,14156.0,13405.0,751.0,0.010376250925521304,0.008302492933882924,758.9,759.7333333333333,0,0,0,0,0,0,

Mon Sep 12 17:40:04 2022,14156.0,13405.0,751.0,0.010399107971394136,0.008280155986449749,758.6875,759.6875,0,0,0,0,0,0,

Mon Sep 12 17:40:05 2022,14156.0,13405.0,751.0,0.01042056650510281,0.00825822996488484,758.475,759.6416666666667,0,0,0,0,0,0,

Mon Sep 12 17:40:06 2022,14156.0,13405.0,751.0,0.010440623905066003,0.008236714633938139,758.2625,759.5958333333333,0,0,0,0,0,0,

Mon Sep 12 17:40:08 2022,14156.0,13405.0,751.0,0.010459277548402299,0.008215515622674774,758.05,759.55,0,0,0,0,0,0,

Mon Sep 12 17:40:09 2022,14156.0,13405.0,751.0,0.010476524810928142,0.008194632750420936,757.8375,759.5041666666667,0,0,0,0,0,0,

Mon Sep 12 17:40:10 2022,14156.0,13405.0,751.0,0.010492363067155772,0.00817406583655766,757.625,759.4583333333334,0,0,0,0,0,0,

Mon Sep 12 17:40:11 2022,14156.0,13405.0,751.0,0.010506789690291176,0.00815381470052078,757.4125,759.4125,0,0,0,0,0,0,

Mon Sep 12 17:40:12 2022,14156.0,13405.0,751.0,0.010519802052232022,0.008133879161800917,757.2,759.3666666666667,0,0,0,0,0,0,

Mon Sep 12 17:40:13 2022,14156.0,13405.0,751.0,0.010531397523565604,0.00811425903994342,756.9875,759.3208333333333,0,0,0,0,0,0,

Mon Sep 12 17:40:14 2022,14156.0,13405.0,751.0,0.010541573473566778,0.008094954154548356,756.775,759.275,0,0,0,0,0,0,

Mon Sep 12 17:40:15 2022,14156.0,13405.0,751.0,0.010550327270195893,0.00807596432527046,756.5625,759.2291666666666,0,0,0,0,0,0,

Mon Sep 12 17:40:16 2022,14156.0,13405.0,751.0,0.010557656280096719,0.008057289371819107,756.35,759.1833333333333,0,0,0,0,0,0,

Mon Sep 12 17:40:17 2022,14156.0,13405.0,751.0,0.010563557868594385,0.008038929113958284,756.1375,759.1375,0,0,0,0,0,0,

Mon Sep 12 17:40:18 2022,14156.0,13405.0,751.0,0.010568029399693295,0.008020883371506549,755.925,759.0916666666667,0,0,0,0,0,0,

Mon Sep 12 17:40:19 2022,14156.0,13405.0,751.0,0.010571068236075065,0.008003151964337003,755.7125,759.0458333333333,0,0,0,0,0,0,

Mon Sep 12 17:40:20 2022,14156.0,13405.0,751.0,0.010572671739096432,0.008007926126769883,755.5,759.0166666666667,0,0,0,0,0,0,

Mon Sep 12 17:40:21 2022,14156.0,13405.0,751.0,0.010572837268787182,0.008013008554311321,755.2875,758.9875,0,0,0,0,0,0,

Mon Sep 12 17:40:22 2022,14156.0,13405.0,751.0,0.010571562183848058,0.008018399131226575,755.075,758.9583333333334,0,0,0,0,0,0,

Mon Sep 12 17:40:23 2022,14156.0,13405.0,751.0,0.010568843841648684,0.008024097741813964,754.8625,758.9291666666667,0,0,0,0,0,0,

Mon Sep 12 17:40:24 2022,14156.0,13405.0,751.0,0.010564679598225471,0.00803010427040485,754.65,758.9,0,0,0,0,0,0,

Mon Sep 12 17:40:25 2022,14156.0,13405.0,751.0,0.010559066808279532,0.008036418601363624,754.4375,758.8708333333333,0,0,0,0,0,0,

Mon Sep 12 17:40:26 2022,14156.0,13405.0,751.0,0.010552002825174578,0.0080430406190877,754.225,758.8416666666667,0,0,0,0,0,0,

Mon Sep 12 17:40:27 2022,14156.0,13405.0,751.0,0.010543485000934834,0.008049970208007483,754.0125,758.8125,0,0,0,0,0,0,

Mon Sep 12 17:40:29 2022,14156.0,13405.0,751.0,0.010533510686242933,0.008057207252586365,753.8,758.7833333333333,0,0,0,0,0,0,

Mon Sep 12 17:40:30 2022,14156.0,13405.0,751.0,0.010538015771115,0.008064751637320709,753.6,758.7541666666667,0,0,0,0,0,0,

Mon Sep 12 17:40:31 2022,14156.0,13405.0,751.0,0.010540648685780587,0.008072603246739822,753.4,758.725,0,0,0,0,0,0,

Mon Sep 12 17:40:32 2022,14156.0,13405.0,751.0,0.010541407345810234,0.00808076196540596,753.2,758.6958333333333,0,0,0,0,0,0,

Mon Sep 12 17:40:33 2022,14156.0,13405.0,751.0,0.010540289665487814,0.008089227677914293,753.0,758.6666666666666,0,0,0,0,0,0,

Mon Sep 12 17:40:34 2022,14156.0,13405.0,751.0,0.010537088765421587,0.008098000268892902,752.8,758.6375,0,0,0,0,0,0,

Mon Sep 12 17:40:35 2022,14156.0,13405.0,751.0,0.01053180264430896,0.008107079623002755,752.6,758.6083333333333,0,0,0,0,0,0,

Mon Sep 12 17:40:36 2022,14159.0,13405.0,754.0,0.010524224580727133,0.008116465624937697,752.4,758.5791666666667,0,0,0,0,0,0,

Mon Sep 12 17:40:37 2022,14159.0,13405.0,754.0,0.010523698764608846,0.008109747599895712,752.2375,758.5625,0,0,0,0,0,0,

Mon Sep 12 17:40:38 2022,14159.0,13405.0,754.0,0.010527312794584444,0.00810340361549311,752.075,758.5458333333333,0,0,0,0,0,0,

Mon Sep 12 17:40:39 2022,14159.0,13405.0,754.0,0.010535067513203248,0.008097433564722515,751.9125,758.5291666666667,0,0,0,0,0,0,

Mon Sep 12 17:40:40 2022,14159.0,13405.0,754.0,0.010467304418975646,0.008091837340610504,751.85,758.5125,0,0,0,0,0,0,

Mon Sep 12 17:40:41 2022,14159.0,13405.0,754.0,0.010400785957397228,0.0080866148362176,751.7875,758.4958333333333,0,0,0,0,0,0,

Mon Sep 12 17:40:42 2022,14159.0,13405.0,754.0,0.010335512308377016,0.00808176594463825,751.725,758.4791666666666,0,0,0,0,0,0,

Mon Sep 12 17:40:43 2022,14159.0,13405.0,754.0,0.010304161602701334,0.00807729055900082,751.6375,758.4625,0,0,0,0,0,0,

Mon Sep 12 17:40:44 2022,14159.0,13405.0,754.0,0.010323080184399943,0.008073188572467567,751.5125,758.4458333333333,0,0,0,0,0,0,

Mon Sep 12 17:40:45 2022,14159.0,13405.0,754.0,0.010343270062551282,0.008069459878234632,751.3875,758.4291666666667,0,0,0,0,0,0,

Mon Sep 12 17:40:46 2022,14159.0,13405.0,754.0,0.010364732037922448,0.008066104369532024,751.2625,758.4125,0,0,0,0,0,0,

Mon Sep 12 17:40:47 2022,14159.0,13405.0,754.0,0.010387466911606302,0.008063075532886484,751.1375,758.3958333333334,0,0,0,0,0,0,

Mon Sep 12 17:40:48 2022,14159.0,13405.0,754.0,0.010411475485021686,0.008060373281106144,751.0125,758.3791666666667,0,0,0,0,0,0,

Mon Sep 12 17:40:49 2022,14159.0,13405.0,754.0,0.010436758559913675,0.008057997527023717,750.8875,758.3625,0,0,0,0,0,0,

Mon Sep 12 17:40:50 2022,14159.0,13405.0,754.0,0.01036532241682866,0.008055948183496493,750.8375,758.3458333333333,0,0,0,0,0,0,

Mon Sep 12 17:40:51 2022,14159.0,13405.0,754.0,0.010295126377163118,0.00805422516340633,750.7875,758.3291666666667,0,0,0,0,0,0,

Mon Sep 12 17:40:53 2022,14159.0,13405.0,754.0,0.010226170578664892,0.008052828379659639,750.7375,758.3125,0,0,0,0,0,0,

Mon Sep 12 17:40:54 2022,14159.0,13405.0,754.0,0.01015845515910665,0.008051734569139272,750.6875,758.2958333333333,0,0,0,0,0,0,

Mon Sep 12 17:40:55 2022,14159.0,13405.0,754.0,0.009912250933981034,0.008050943653770045,750.775,758.2791666666667,0,0,0,0,0,0,

Mon Sep 12 17:40:56 2022,14159.0,13405.0,754.0,0.009667174640946113,0.008050455555497391,750.8625,758.2625,0,0,0,0,0,0,

Mon Sep 12 17:40:57 2022,14159.0,13405.0,754.0,0.009423227721549838,0.008050270196287358,750.95,758.2458333333333,0,0,0,0,0,0,

Mon Sep 12 17:40:58 2022,14159.0,13405.0,754.0,0.009180411617922508,0.008050387498126602,751.0375,758.2291666666666,0,0,0,0,0,0,

Mon Sep 12 17:40:59 2022,14159.0,13405.0,754.0,0.008938927368554438,0.008050807383022369,751.125,758.2125,0,0,0,0,0,0,

Mon Sep 12 17:41:00 2022,14159.0,13405.0,754.0,0.008698776592982555,0.008051529773002502,751.2125,758.1958333333333,0,0,0,0,0,0,

Mon Sep 12 17:41:01 2022,14159.0,13405.0,754.0,0.008459960911503268,0.008052554590115424,751.3,758.1791666666667,0,0,0,0,0,0,

Mon Sep 12 17:41:02 2022,14159.0,13405.0,754.0,0.00822248194517334,0.008053812331205387,751.3875,758.1625,0,0,0,0,0,0,

Mon Sep 12 17:41:03 2022,14159.0,13405.0,754.0,0.007986341315810736,0.008055302942142184,751.475,758.1458333333334,0,0,0,0,0,0,

Mon Sep 12 17:41:04 2022,14159.0,13405.0,754.0,0.0077515406459955005,0.008057026368806976,751.5625,758.1291666666667,0,0,0,0,0,0,

Mon Sep 12 17:41:05 2022,14159.0,13405.0,754.0,0.007519282566852155,0.008058982557092285,751.65,758.1125,0,0,0,0,0,0,

Mon Sep 12 17:41:06 2022,14159.0,13405.0,754.0,0.007289770361996058,0.008061171452901993,751.7375,758.0958333333333,0,0,0,0,0,0,

Mon Sep 12 17:41:07 2022,14159.0,13405.0,754.0,0.007063408204091405,0.008063593002151337,751.825,758.0791666666667,0,0,0,0,0,0,

Mon Sep 12 17:41:08 2022,14159.0,13405.0,754.0,0.006839598054601645,0.008066362750864147,751.9125,758.0625,0,0,0,0,0,0,

Mon Sep 12 17:41:09 2022,14159.0,13405.0,754.0,0.006618342882988856,0.00806924944478388,752.0,758.0458333333333,0,0,0,0,0,0,

Mon Sep 12 17:41:10 2022,14159.0,13405.0,754.0,0.006399645661184246,0.008072253059222306,752.0875,758.0291666666667,0,0,0,0,0,0,

Mon Sep 12 17:41:11 2022,14159.0,13405.0,754.0,0.006183509363591607,0.008075373569494008,752.175,758.0125,0,0,0,0,0,0,

Mon Sep 12 17:41:12 2022,14159.0,13405.0,754.0,0.005969936967090766,0.00807861095091639,752.2625,757.9958333333333,0,0,0,0,0,0,

Mon Sep 12 17:41:13 2022,14159.0,13405.0,754.0,0.005758931451041055,0.008081965178809675,752.35,757.9791666666666,0,0,0,0,0,0,

Mon Sep 12 17:41:15 2022,14159.0,13405.0,754.0,0.005550495797284772,0.0080854362284969,752.4375,757.9625,0,0,0,0,0,0,

Mon Sep 12 17:41:16 2022,14159.0,13405.0,754.0,0.005344632990150654,0.008089116486469103,752.525,757.9458333333333,0,0,0,0,0,0,

Mon Sep 12 17:41:17 2022,14159.0,13405.0,754.0,0.00514134601645736,0.00809300590560922,752.6125,757.9291666666667,0,0,0,0,0,0,

Mon Sep 12 17:41:18 2022,14159.0,13405.0,754.0,0.005022842094957949,0.008097104438809196,752.6375,757.9125,0,0,0,0,0,0,

Mon Sep 12 17:41:19 2022,14159.0,13405.0,754.0,0.0049069696878387475,0.00810141203897,752.6625,757.8958333333334,0,0,0,0,0,0,

Mon Sep 12 17:41:20 2022,14159.0,13405.0,754.0,0.004793730325990347,0.0081059286590016,752.6875,757.8791666666667,0,0,0,0,0,0,

Mon Sep 12 17:41:21 2022,14159.0,13405.0,754.0,0.0046831255414131615,0.00811065425182298,752.7125,757.8625,0,0,0,0,0,0,

Mon Sep 12 17:41:22 2022,14159.0,13405.0,754.0,0.004624520376999074,0.008115565687837079,752.7,757.8458333333333,0,0,0,0,0,0,

Mon Sep 12 17:41:23 2022,14159.0,13405.0,754.0,0.00456857532536167,0.008120616766648337,752.6875,757.8291666666667,0,0,0,0,0,0,

Mon Sep 12 17:41:24 2022,14159.0,13405.0,754.0,0.004449446892306784,0.008125807458775131,752.725,757.8125,0,0,0,0,0,0,

Mon Sep 12 17:41:25 2022,14159.0,13405.0,754.0,0.004332950141702162,0.008131137734739781,752.7625,757.7958333333333,0,0,0,0,0,0,

Mon Sep 12 17:41:26 2022,14159.0,13405.0,754.0,0.004219290480479046,0.008136607565068569,752.8,757.7791666666667,0,0,0,0,0,0,

Mon Sep 12 17:41:27 2022,14159.0,13405.0,754.0,0.004108469908886706,0.008142216920291715,752.8375,757.7625,0,0,0,0,0,0,

Mon Sep 12 17:41:28 2022,14159.0,13405.0,754.0,0.004000490428793667,0.008147965770943393,752.875,757.7458333333333,0,0,0,0,0,0,

Mon Sep 12 17:41:29 2022,14159.0,13405.0,754.0,0.0038953540436895253,0.008153854087561727,752.9125,757.7291666666666,0,0,0,0,0,0,

Mon Sep 12 17:41:30 2022,14159.0,13405.0,754.0,0.0037930627586867855,0.008159881840688783,752.95,757.7125,0,0,0,0,0,0,

Mon Sep 12 17:41:31 2022,14159.0,13405.0,754.0,0.0036936185805226925,0.008166049000870578,752.9875,757.6958333333333,0,0,0,0,0,0,

Mon Sep 12 17:41:32 2022,14159.0,13405.0,754.0,0.003597023517561055,0.008172355538657068,753.025,757.6791666666667,0,0,0,0,0,0,

Mon Sep 12 17:41:33 2022,14159.0,13405.0,754.0,0.0035032795797940953,0.008178801424602157,753.0625,757.6625,0,0,0,0,0,0,

Mon Sep 12 17:41:34 2022,14159.0,13405.0,754.0,0.003412388778844283,0.008185386629263689,753.1,757.6458333333334,0,0,0,0,0,0,

Mon Sep 12 17:41:35 2022,14159.0,13405.0,754.0,0.0033243531279661797,0.008192111123203455,753.1375,757.6291666666667,0,0,0,0,0,0,

Mon Sep 12 17:41:37 2022,14159.0,13405.0,754.0,0.0032391746420482857,0.008198974876987179,753.175,757.6125,0,0,0,0,0,0,

Mon Sep 12 17:41:38 2022,14159.0,13405.0,754.0,0.003156855337614878,0.008205977861184531,753.2125,757.5958333333333,0,0,0,0,0,0,

Mon Sep 12 17:41:39 2022,14159.0,13405.0,754.0,0.0030773972328278698,0.008213120046369121,753.25,757.5791666666667,0,0,0,0,0,0,

Mon Sep 12 17:41:40 2022,14159.0,13405.0,754.0,0.0030008023474886614,0.008220401403118494,753.2875,757.5625,0,0,0,0,0,0,

Mon Sep 12 17:41:41 2022,14159.0,13405.0,754.0,0.0029270727030399936,0.008227821902014133,753.325,757.5458333333333,0,0,0,0,0,0,

Mon Sep 12 17:41:42 2022,14159.0,13405.0,754.0,0.0028562103225678102,0.008235381513641456,753.3625,757.5291666666667,0,0,0,0,0,0,

Mon Sep 12 17:41:43 2022,14159.0,13405.0,754.0,0.0027882172308031075,0.008243011112090682,753.4,757.5125,0,0,0,0,0,0,

Mon Sep 12 17:41:44 2022,14159.0,13405.0,754.0,0.0027230954541238076,0.008250710680904102,753.4375,757.4958333333333,0,0,0,0,0,0,

Mon Sep 12 17:41:45 2022,14159.0,13405.0,754.0,0.0026608470205566215,0.00825848020362518,753.475,757.4791666666666,0,0,0,0,0,0,

Mon Sep 12 17:41:46 2022,14159.0,13405.0,754.0,0.002601473959778917,0.008266319663798557,753.5125,757.4625,0,0,0,0,0,0,

Mon Sep 12 17:41:47 2022,14159.0,13405.0,754.0,0.0025449783031205927,0.00827422904497005,753.55,757.4458333333333,0,0,0,0,0,0,

Mon Sep 12 17:41:48 2022,14159.0,13405.0,754.0,0.0024913620835659424,0.008282208330686646,753.5875,757.4291666666667,0,0,0,0,0,0,

Mon Sep 12 17:41:49 2022,14159.0,13405.0,754.0,0.0024406273357555396,0.008290257504496511,753.625,757.4125,0,0,0,0,0,0,

Mon Sep 12 17:41:50 2022,14159.0,13405.0,754.0,0.0023927760959881147,0.008298376549948984,753.6625,757.3958333333334,0,0,0,0,0,0,

Mon Sep 12 17:41:51 2022,14159.0,13405.0,754.0,0.0023478104022224364,0.008306565450594572,753.7,757.3791666666667,0,0,0,0,0,0,

Mon Sep 12 17:41:52 2022,14159.0,13405.0,754.0,0.0023057322940791994,0.008314824189984964,753.7375,757.3625,0,0,0,0,0,0,

Mon Sep 12 17:41:53 2022,14159.0,13405.0,754.0,0.0022663371866436664,0.008312132819574271,753.775,757.3375,0,0,0,0,0,0,

Mon Sep 12 17:41:54 2022,14164.0,13405.0,759.0,0.0022296268965681337,0.008309512172216706,753.8125,757.3125,0,0,0,0,0,0,

Mon Sep 12 17:41:55 2022,14164.0,13405.0,759.0,0.0022774676420035723,0.00829818153793881,753.9125,757.3083333333333,0,0,0,0,0,0,

Mon Sep 12 17:41:56 2022,14164.0,13405.0,759.0,0.00232694975862916,0.00828708150326262,754.0125,757.3041666666667,0,0,0,0,0,0,

Mon Sep 12 17:41:57 2022,14164.0,13405.0,759.0,0.0023780754480365656,0.00827074905535569,754.1125,757.2958333333333,0,0,0,0,0,0,

Mon Sep 12 17:41:59 2022,14164.0,13405.0,759.0,0.0024308469130436923,0.00825469350811056,754.2125,757.2875,0,0,0,0,0,0,

Mon Sep 12 17:42:00 2022,14164.0,13405.0,759.0,0.0024852663576962705,0.008233452508134722,754.3125,757.275,0,0,0,0,0,0,

Mon Sep 12 17:42:01 2022,14164.0,13405.0,759.0,0.0025326150207630803,0.008212534758222114,754.375,757.2625,0,0,0,0,0,0,

Mon Sep 12 17:42:02 2022,14164.0,13405.0,759.0,0.002576214606217284,0.008202863621675101,754.4375,757.2583333333333,0,0,0,0,0,0,

Mon Sep 12 17:42:03 2022,14164.0,13405.0,759.0,0.002616064116539852,0.008193422950564473,754.5,757.2541666666667,0,0,0,0,0,0,

Mon Sep 12 17:42:04 2022,14164.0,13405.0,759.0,0.00265383009516754,0.008184212724574912,754.5625,757.25,0,0,0,0,0,0,

Mon Sep 12 17:42:05 2022,14164.0,13405.0,759.0,0.002689512541375179,0.008175232923394154,754.625,757.2458333333333,0,0,0,0,0,0,

Mon Sep 12 17:42:06 2022,14164.0,13405.0,759.0,0.002723111454351524,0.008166483526713,754.6875,757.2416666666667,0,0,0,0,0,0,

Mon Sep 12 17:42:07 2022,14164.0,13405.0,759.0,0.0027542097813568855,0.008157964514225315,754.75,757.2375,0,0,0,0,0,0,

Mon Sep 12 17:42:08 2022,14164.0,13405.0,759.0,0.002782181579452333,0.008149675865628021,754.8125,757.2333333333333,0,0,0,0,0,0,

Mon Sep 12 17:42:09 2022,14164.0,13405.0,759.0,0.0028070263270517882,0.008141617560621102,754.875,757.2291666666666,0,0,0,0,0,0,

Mon Sep 12 17:42:10 2022,14164.0,13405.0,759.0,0.002828743502179979,0.0081337895789076,754.9375,757.225,0,0,0,0,0,0,

Mon Sep 12 17:42:11 2022,14164.0,13405.0,759.0,0.002847332582472221,0.008126191900193615,755.0,757.2208333333333,0,0,0,0,0,0,

Mon Sep 12 17:42:12 2022,14164.0,13405.0,759.0,0.0028627930451742022,0.00811882450418831,755.0625,757.2166666666667,0,0,0,0,0,0,

Mon Sep 12 17:42:13 2022,14164.0,13405.0,759.0,0.002875124367141768,0.008111664340422261,755.125,757.2125,0,0,0,0,0,0,

Mon Sep 12 17:42:14 2022,14164.0,13405.0,759.0,0.002885580014904935,0.008104711392920842,755.1875,757.2083333333334,0,0,0,0,0,0,

Mon Sep 12 17:42:15 2022,14176.0,13405.0,771.0,0.0028941600492320167,0.00809796564571158,755.25,757.2041666666667,0,0,0,0,0,0,

Mon Sep 12 17:42:16 2022,14176.0,13405.0,771.0,0.003096924356549267,0.008157179702726456,755.4625,757.25,0,0,0,0,0,0,

Mon Sep 12 17:42:17 2022,14176.0,13405.0,771.0,0.0032952651123132394,0.008216321189940269,755.675,757.2958333333333,0,0,0,0,0,0,

Mon Sep 12 17:42:18 2022,14176.0,13405.0,771.0,0.003491483778171123,0.008275390122211061,755.8875,757.3416666666667,0,0,0,0,0,0,

Mon Sep 12 17:42:19 2022,14176.0,13405.0,771.0,0.0036855820283936995,0.008334386514393378,756.1,757.3875,0,0,0,0,0,0,

Mon Sep 12 17:42:21 2022,14176.0,13405.0,771.0,0.0038775615356722503,0.008393310381338268,756.3125,757.4333333333333,0,0,0,0,0,0,

Mon Sep 12 17:42:22 2022,14176.0,13405.0,771.0,0.004067423971120405,0.00845216173789328,756.525,757.4791666666666,0,0,0,0,0,0,

Mon Sep 12 17:42:23 2022,14176.0,13405.0,771.0,0.004255171004275997,0.008505484328606672,756.7375,757.5208333333334,0,0,0,0,0,0,

Mon Sep 12 17:42:24 2022,14176.0,13405.0,771.0,0.0044408043031029095,0.008558781039356896,756.95,757.5625,0,0,0,0,0,0,

Mon Sep 12 17:42:25 2022,14176.0,13405.0,771.0,0.004624325533992924,0.008612051875263135,757.1625,757.6041666666666,0,0,0,0,0,0,

Mon Sep 12 17:42:26 2022,14176.0,13405.0,771.0,0.004805736361767561,0.008665342911423466,757.375,757.6458333333334,0,0,0,0,0,0,

Mon Sep 12 17:42:27 2022,14176.0,13405.0,771.0,0.004985038449679913,0.008718654142816914,757.5875,757.6875,0,0,0,0,0,0,

Mon Sep 12 17:42:28 2022,14176.0,13405.0,771.0,0.0051622334594164905,0.008771985564423846,757.8,757.7291666666666,0,0,0,0,0,0,

Mon Sep 12 17:42:29 2022,14176.0,13405.0,771.0,0.0053373230510990535,0.008792681511683243,758.0125,757.7458333333333,0,0,0,0,0,0,

Mon Sep 12 17:42:30 2022,14176.0,13405.0,771.0,0.005510308883286446,0.008808294961091144,758.225,757.7583333333333,0,0,0,0,0,0,

Mon Sep 12 17:42:31 2022,14176.0,13405.0,771.0,0.005681192612976422,0.008813421076564099,758.4375,757.7625,0,0,0,0,0,0,

Mon Sep 12 17:42:32 2022,14176.0,13405.0,771.0,0.005849975895607471,0.008835415171149703,758.65,757.7791666666667,0,0,0,0,0,0,

Mon Sep 12 17:42:33 2022,14176.0,13405.0,771.0,0.006016660385060646,0.00885777976177949,758.8625,757.7958333333333,0,0,0,0,0,0,

Mon Sep 12 17:42:34 2022,14176.0,13405.0,771.0,0.006181247733661382,0.008880514750582819,759.075,757.8125,0,0,0,0,0,0,

Mon Sep 12 17:42:35 2022,14176.0,13405.0,771.0,0.00634373959218132,0.008903620039722414,759.2875,757.8291666666667,0,0,0,0,0,0,

Mon Sep 12 17:42:36 2022,14176.0,13405.0,771.0,0.0065041376098401195,0.008927095531394338,759.5,757.8458333333333,0,0,0,0,0,0,

Mon Sep 12 17:42:37 2022,14176.0,13405.0,771.0,0.0066624434343072695,0.008950941127827988,759.7125,757.8625,0,0,0,0,0,0,

Mon Sep 12 17:42:38 2022,14176.0,13405.0,771.0,0.006818658711703904,0.008975156731286075,759.925,757.8791666666667,0,0,0,0,0,0,

Mon Sep 12 17:42:39 2022,14176.0,13405.0,771.0,0.00697278508660461,0.008999742244064612,760.1375,757.8958333333334,0,0,0,0,0,0,

Mon Sep 12 17:42:40 2022,14176.0,13405.0,771.0,0.007124824202039235,0.009024697568492899,760.35,757.9125,0,0,0,0,0,0,

Mon Sep 12 17:42:41 2022,14176.0,13405.0,771.0,0.007273737890411094,0.009050022606933505,760.5625,757.9291666666667,0,0,0,0,0,0,

Mon Sep 12 17:42:42 2022,14176.0,13405.0,771.0,0.00741952810245703,0.00907571726178226,760.775,757.9458333333333,0,0,0,0,0,0,

Mon Sep 12 17:42:44 2022,14176.0,13405.0,771.0,0.007562196787259303,0.00910178143546823,760.9875,757.9625,0,0,0,0,0,0,

Mon Sep 12 17:42:45 2022,14176.0,13405.0,771.0,0.007701745892247444,0.009128215030453716,761.2,757.9791666666666,0,0,0,0,0,0,

Mon Sep 12 17:42:46 2022,14176.0,13405.0,771.0,0.007837553560632154,0.009155017949234226,761.4125,757.9958333333333,0,0,0,0,0,0,

Mon Sep 12 17:42:47 2022,14176.0,13405.0,771.0,0.007969621757258774,0.009182190094338467,761.625,758.0125,0,0,0,0,0,0,

Mon Sep 12 17:42:48 2022,14180.0,13405.0,775.0,0.008098784223518207,0.00920973136832833,761.8375,758.0291666666667,0,0,0,0,0,0,

Mon Sep 12 17:42:49 2022,14180.0,13405.0,775.0,0.008289821319460327,0.009259534374589788,762.1,758.0625,0,0,0,0,0,0,

Mon Sep 12 17:42:50 2022,14180.0,13405.0,775.0,0.008477105205202758,0.00930417046845307,762.3625,758.0916666666667,0,0,0,0,0,0,

Mon Sep 12 17:42:51 2022,14180.0,13405.0,775.0,0.008660638831726332,0.009349128416387577,762.625,758.1208333333333,0,0,0,0,0,0,

Mon Sep 12 17:42:52 2022,14180.0,13405.0,775.0,0.008840425146910838,0.009394408119064307,762.8875,758.15,0,0,0,0,0,0,

Mon Sep 12 17:42:53 2022,14180.0,13405.0,775.0,0.0090164670955393,0.009440009477191492,763.15,758.1791666666667,0,0,0,0,0,0,

Mon Sep 12 17:42:54 2022,14180.0,13405.0,775.0,0.009188767619302252,0.009485932391514585,763.4125,758.2083333333334,0,0,0,0,0,0,

Mon Sep 12 17:42:55 2022,14180.0,13405.0,775.0,0.009357329656801996,0.009532176762816237,763.675,758.2375,0,0,0,0,0,0,

Mon Sep 12 17:42:56 2022,14177.0,13405.0,772.0,0.009522156143556856,0.009578742491916281,763.9375,758.2666666666667,0,0,0,0,0,0,

Mon Sep 12 17:42:57 2022,14177.0,13405.0,772.0,0.00963479876580416,0.00960921507518913,764.1625,758.2833333333333,0,0,0,0,0,0,

Mon Sep 12 17:42:58 2022,14177.0,13405.0,772.0,0.009744347436398978,0.009640079370738613,764.3875,758.3,0,0,0,0,0,0,

Mon Sep 12 17:42:59 2022,14177.0,13405.0,772.0,0.00985080428094992,0.009671335270995604,764.6125,758.3166666666667,0,0,0,0,0,0,

Mon Sep 12 17:43:00 2022,14177.0,13405.0,772.0,0.009954171423144156,0.009702821105936274,764.8375,758.3333333333334,0,0,0,0,0,0,

Mon Sep 12 17:43:01 2022,14177.0,13405.0,772.0,0.010054450984749691,0.009734536830057013,765.0625,758.35,0,0,0,0,0,0,

Mon Sep 12 17:43:02 2022,14177.0,13405.0,772.0,0.010151645085617628,0.00976648239786536,765.2875,758.3666666666667,0,0,0,0,0,0,

Mon Sep 12 17:43:03 2022,14177.0,13405.0,772.0,0.010245755843684435,0.00979865776388,765.5125,758.3833333333333,0,0,0,0,0,0,

Mon Sep 12 17:43:05 2022,14180.0,13405.0,775.0,0.010336785374974195,0.009831062882630755,765.7375,758.4,0,0,0,0,0,0,

Mon Sep 12 17:43:06 2022,14173.0,13418.0,755.0,0.010473074638509692,0.009880109239748087,766.0,758.4291666666667,14173,13416,14180,13418,1,764,

Mon Sep 12 17:43:07 2022,14173.0,13418.0,755.0,0.0106428247329094,0.009856984368698885,766.0125,758.375,14173,13416,14180,13418,1,764,

Mon Sep 12 17:43:08 2022,14173.0,13418.0,755.0,0.010813398513907365,0.009833886013431669,766.025,758.3208333333333,14173,13416,14180,13418,1,764,

Mon Sep 12 17:43:09 2022,14173.0,13418.0,755.0,0.010984795912965235,0.009810814082092655,766.0375,758.2666666666667,14173,13416,14180,13418,1,764,

Mon Sep 12 17:43:10 2022,14173.0,13418.0,755.0,0.011157016861554224,0.009787768482830375,766.05,758.2125,14173,13416,14180,13418,1,764,

Mon Sep 12 17:43:11 2022,14173.0,13418.0,755.0,0.011330061291155121,0.009764841305187838,766.0625,758.1583333333333,14173,13416,14180,13418,1,764,

Mon Sep 12 17:43:12 2022,14173.0,13418.0,755.0,0.01150392913325829,0.009742032425005279,766.075,758.1041666666666,14173,13416,14180,13418,1,764,

Mon Sep 12 17:43:13 2022,14173.0,13418.0,755.0,0.011678620319363656,0.009719341718138045,766.0875,758.05,14173,13416,14180,13418,1,764,

Mon Sep 12 17:43:15 2022,14173.0,13418.0,755.0,0.011854134780980718,0.009696769060456582,766.1,757.9958333333333,14173,13416,14180,13418,1,764,

Mon Sep 12 17:43:16 2022,14173.0,13418.0,755.0,0.012030472449628536,0.009674314327846427,766.1125,757.9416666666667,14173,13416,14180,13418,1,764,

Mon Sep 12 17:43:17 2022,14173.0,13418.0,755.0,0.012207633256835736,0.009651977396208187,766.125,757.8875,14173,13416,14180,13418,1,764,

Mon Sep 12 17:43:18 2022,14173.0,13418.0,755.0,0.012385617134140502,0.009635002647850574,766.1375,757.8375,14173,13416,14180,13418,1,764,

Mon Sep 12 17:43:19 2022,14173.0,13418.0,755.0,0.01256442401309058,0.009617914932325448,766.15,757.7875,14173,13416,14180,13418,1,764,

Mon Sep 12 17:43:20 2022,14173.0,13418.0,755.0,0.012661184507126768,0.009600714201152707,766.1,757.7375,14173,13416,14180,13418,1,764,

Mon Sep 12 17:43:21 2022,14173.0,13418.0,755.0,0.012758809933178197,0.009583400405846517,766.05,757.6875,14173,13416,14180,13418,1,764,

Mon Sep 12 17:43:22 2022,14173.0,13418.0,755.0,0.01285729974364177,0.009565973497915296,766.0,757.6375,14173,13416,14180,13418,1,764,

Mon Sep 12 17:43:23 2022,14173.0,13418.0,755.0,0.0129566533910699,0.009548433428861724,765.95,757.5875,14173,13416,14180,13418,1,764,

Mon Sep 12 17:43:24 2022,14173.0,13418.0,755.0,0.01305687032817041,0.009530780150182739,765.9,757.5375,14173,13416,14180,13418,1,764,

Mon Sep 12 17:43:25 2022,14173.0,13418.0,755.0,0.013157324853980358,0.009513013613369524,765.85,757.4875,14173,13416,14180,13418,1,764,

Mon Sep 12 17:43:26 2022,14173.0,13418.0,755.0,0.013258016690794485,0.009495156746089362,765.8,757.4375,14173,13416,14180,13418,1,764,

Mon Sep 12 17:43:27 2022,14173.0,13418.0,755.0,0.01335894556092986,0.009477209496049573,765.75,757.3875,14173,13416,14180,13418,1,764,

Mon Sep 12 17:43:28 2022,14173.0,13418.0,755.0,0.013460111186725859,0.009477550815520106,765.7,757.3708333333333,14173,13416,14180,13418,1,764,

Mon Sep 12 17:43:29 2022,14173.0,13418.0,755.0,0.013561513290544145,0.009477800728536037,765.65,757.3541666666666,14173,13416,14180,13418,1,764,

Mon Sep 12 17:43:30 2022,14173.0,13418.0,755.0,0.013663151594768656,0.009477959231074216,765.6,757.3375,14173,13416,14180,13418,1,764,

Mon Sep 12 17:43:31 2022,14173.0,13418.0,755.0,0.013765025821805577,0.00948888091119762,765.55,757.3125,14173,13416,14180,13418,1,764,

Mon Sep 12 17:43:32 2022,14173.0,13418.0,755.0,0.013867135694083325,0.0094868956333201,765.5,757.275,14173,13416,14180,13418,1,764,

Mon Sep 12 17:43:33 2022,14173.0,13418.0,755.0,0.01396948093405253,0.0094848190422292,765.45,757.2375,14173,13416,14180,13418,1,764,

Mon Sep 12 17:43:34 2022,14173.0,13418.0,755.0,0.014072061264186005,0.009482605350932273,765.4,757.2,14173,13416,14180,13418,1,764,

Mon Sep 12 17:43:36 2022,14173.0,13418.0,755.0,0.014174876406978745,0.009480254536795848,765.35,757.1625,14173,13416,14180,13418,1,764,

Mon Sep 12 17:43:37 2022,14170.0,13418.0,752.0,0.014277926084947892,0.009477766577183537,765.3,757.125,14173,13416,14180,13418,1,764,

Mon Sep 12 17:43:38 2022,14170.0,13418.0,752.0,0.014429611645783161,0.009491583757384375,765.2125,757.075,14173,13416,14180,13418,1,764,

Mon Sep 12 17:43:39 2022,14170.0,13418.0,752.0,0.014580932204101388,0.00950072657110242,765.125,757.05,14173,13416,14180,13418,1,764,

Mon Sep 12 17:43:40 2022,14170.0,13418.0,752.0,0.014731887266455053,0.009509800801526224,765.0375,757.025,14173,13416,14180,13418,1,764,

Mon Sep 12 17:43:41 2022,14170.0,13418.0,752.0,0.01468400639628235,0.009518806441863929,764.8,757.0,14173,13416,14180,13418,1,764,

Mon Sep 12 17:43:42 2022,14170.0,13418.0,752.0,0.014635894936243597,0.00952774348532289,764.5625,756.975,14173,13416,14180,13418,1,764,

Mon Sep 12 17:43:43 2022,14170.0,13418.0,752.0,0.014587548496615015,0.00947690924291959,764.325,756.9958333333333,14173,13416,14180,13418,1,764,

Mon Sep 12 17:43:44 2022,14170.0,13418.0,752.0,0.014538962687160916,0.009426502192323858,764.0875,757.0166666666667,14173,13416,14180,13418,1,764,

Mon Sep 12 17:43:45 2022,14170.0,13418.0,752.0,0.014490133117129055,0.009376522375281898,763.85,757.0375,14173,13416,14180,13418,1,764,

Mon Sep 12 17:43:46 2022,14170.0,13418.0,752.0,0.014441055395245955,0.00932696983355146,763.6125,757.0583333333333,14173,13416,14180,13418,1,764,

Mon Sep 12 17:43:47 2022,14170.0,13418.0,752.0,0.01439172512971225,0.009277844608901865,763.375,757.0791666666667,14173,13416,14180,13418,1,764,

Mon Sep 12 17:43:48 2022,14170.0,13418.0,752.0,0.014342137928198011,0.009229146743113995,763.1375,757.1,14173,13416,14180,13418,1,764,

Mon Sep 12 17:43:49 2022,14170.0,13418.0,752.0,0.01429228939783807,0.009180876277980296,762.9,757.1208333333333,14173,13416,14180,13418,1,764,

Mon Sep 12 17:43:50 2022,14170.0,13418.0,752.0,0.014242175145227362,0.00913303325530479,762.6625,757.1416666666667,14173,13416,14180,13418,1,764,

Mon Sep 12 17:43:51 2022,14170.0,13418.0,752.0,0.014191790776416248,0.00908561771690307,762.425,757.1625,14173,13416,14180,13418,1,764,

Mon Sep 12 17:43:52 2022,14170.0,13418.0,752.0,0.014141131896905837,0.009038629704602306,762.1875,757.1833333333333,14173,13416,14180,13418,1,764,

Mon Sep 12 17:43:53 2022,14170.0,13418.0,752.0,0.014090194111643315,0.008992069260241249,761.95,757.2041666666667,14173,13416,14180,13418,1,764,

Mon Sep 12 17:43:54 2022,14166.0,13418.0,748.0,0.014038973025017255,0.008945936425670237,761.7125,757.225,14173,13416,14180,13418,1,764,

Mon Sep 12 17:43:55 2022,14166.0,13418.0,748.0,0.01405231997431005,0.00892212782249519,761.425,757.2291666666666,14173,13416,14180,13418,1,764,

Mon Sep 12 17:43:57 2022,14166.0,13418.0,748.0,0.014064587898883717,0.00889863330125411,761.1375,757.2333333333333,14173,13416,14180,13418,1,764,

Mon Sep 12 17:43:58 2022,14166.0,13418.0,748.0,0.014075771300045602,0.00887545290321217,760.85,757.2375,14173,13416,14180,13418,1,764,

Mon Sep 12 17:43:59 2022,14166.0,13418.0,748.0,0.01408586467680202,0.008852586669643418,760.5625,757.2416666666667,14173,13416,14180,13418,1,764,

Mon Sep 12 17:44:00 2022,14166.0,13418.0,748.0,0.014094862525850366,0.008830034641830782,760.275,757.2458333333333,14173,13416,14180,13418,1,764,

Mon Sep 12 17:44:01 2022,14166.0,13418.0,748.0,0.014102759341571224,0.008807796861066069,759.9875,757.25,14173,13416,14180,13418,1,764,

Mon Sep 12 17:44:02 2022,14166.0,13418.0,748.0,0.014109549616020463,0.008785895804371334,759.7,757.2541666666667,14173,13416,14180,13418,1,764,

Mon Sep 12 17:44:03 2022,14166.0,13418.0,748.0,0.014115227838921319,0.008764331519696517,759.4125,757.2583333333333,14173,13416,14180,13418,1,764,

Mon Sep 12 17:44:04 2022,14165.0,13418.0,747.0,0.014119788497656473,0.008743104055002655,759.125,757.2625,14173,13416,14180,13418,1,764,

Mon Sep 12 17:44:05 2022,14165.0,13418.0,747.0,0.014139495943853587,0.00872769308785314,758.825,757.2625,14173,13416,14180,13418,1,764,

Mon Sep 12 17:44:06 2022,14165.0,13418.0,747.0,0.014157878024509435,0.008739780641709905,758.525,757.2416666666667,14173,13416,14180,13418,1,764,

Mon Sep 12 17:44:07 2022,14165.0,13418.0,747.0,0.014174928910076707,0.008751935906102059,758.225,757.2208333333333,14173,13416,14180,13418,1,764,

Mon Sep 12 17:44:08 2022,14165.0,13418.0,747.0,0.014190642768092333,0.008764158890665978,757.925,757.2,14173,13416,14180,13418,1,764,

Mon Sep 12 17:44:10 2022,14167.0,13408.0,759.0,0.014205013763168406,0.008776449605039607,757.625,757.1791666666667,14161,13408,14167,13419,2,22,

Mon Sep 12 17:44:11 2022,14167.0,13408.0,759.0,0.014072782995381942,0.008759260253519858,757.475,757.1958333333333,14161,13408,14167,13419,2,22,

Mon Sep 12 17:44:12 2022,14167.0,13408.0,759.0,0.013946564555335302,0.008742137854547886,757.325,757.2125,14161,13408,14167,13419,2,22,

Mon Sep 12 17:44:13 2022,14167.0,13408.0,759.0,0.01382635745584481,0.00870314775299026,757.175,757.2458333333333,14161,13408,14167,13419,2,22,

Mon Sep 12 17:44:14 2022,14167.0,13408.0,759.0,0.013648210067001936,0.00866422222440707,756.975,757.2791666666667,14161,13408,14167,13419,2,22,

Mon Sep 12 17:44:15 2022,14167.0,13408.0,759.0,0.013477751916380338,0.00862536131495057,756.775,757.3125,14161,13408,14167,13419,2,22,

Mon Sep 12 17:44:16 2022,14167.0,13408.0,759.0,0.013314981742087454,0.008586565070776308,756.575,757.3458333333333,14161,13408,14167,13419,2,22,

Mon Sep 12 17:44:17 2022,14167.0,13408.0,759.0,0.013159898286730231,0.00854783353804311,756.375,757.3791666666667,14161,13408,14167,13419,2,22,

Mon Sep 12 17:44:18 2022,14167.0,13408.0,759.0,0.013012500297412287,0.008509166762913103,756.175,757.4125,14161,13408,14167,13419,2,22,

Mon Sep 12 17:44:19 2022,14167.0,13408.0,759.0,0.012872786525731138,0.008470564791551703,755.975,757.4458333333333,14161,13408,14167,13419,2,22,

Mon Sep 12 17:44:20 2022,14167.0,13408.0,759.0,0.012740755727775386,0.008432027670127615,755.775,757.4791666666666,14161,13408,14167,13419,2,22,

Mon Sep 12 17:44:21 2022,14167.0,13408.0,759.0,0.012616406664121954,0.008393555444812847,755.575,757.5125,14161,13408,14167,13419,2,22,

Mon Sep 12 17:44:22 2022,14167.0,13408.0,759.0,0.012547565846286347,0.008355148161782702,755.4125,757.5458333333333,14161,13408,14167,13419,2,22,

Mon Sep 12 17:44:23 2022,14167.0,13408.0,759.0,0.012485144461691258,0.008316805867215778,755.25,757.5791666666667,14161,13408,14167,13419,2,22,

Mon Sep 12 17:44:24 2022,14167.0,13408.0,759.0,0.012429141485765544,0.008278528607293981,755.0875,757.6125,14161,13408,14167,13419,2,22,

Mon Sep 12 17:44:25 2022,14167.0,13408.0,759.0,0.012379555896619855,0.008240316428202513,754.925,757.6458333333334,14161,13408,14167,13419,2,22,

Mon Sep 12 17:44:26 2022,14167.0,13408.0,759.0,0.012336386675045002,0.008202169376129883,754.7625,757.6791666666667,14161,13408,14167,13419,2,22,

Mon Sep 12 17:44:27 2022,14167.0,13408.0,759.0,0.012299632804510343,0.008164087497267908,754.6,757.7125,14161,13408,14167,13419,2,22,

Mon Sep 12 17:44:28 2022,14167.0,13408.0,759.0,0.01226929327116216,0.008126070837811706,754.4375,757.7458333333333,14161,13408,14167,13419,2,22,

Mon Sep 12 17:44:29 2022,14167.0,13408.0,759.0,0.012245367063822047,0.008088119443959712,754.275,757.7791666666667,14161,13408,14167,13419,2,22,

Mon Sep 12 17:44:30 2022,14167.0,13408.0,759.0,0.012180139980409545,0.008050233361913666,754.075,757.8125,14161,13408,14167,13419,2,22,

Mon Sep 12 17:44:32 2022,14162.0,13408.0,754.0,0.012081240584127979,0.008012412637878623,754.125,757.8458333333333,14161,13408,14167,13419,2,22,

Mon Sep 12 17:44:33 2022,14162.0,13408.0,754.0,0.011903199350656512,0.007989617595272405,754.1125,757.8583333333333,14161,13408,14167,13419,2,22,

Mon Sep 12 17:44:34 2022,14162.0,13408.0,754.0,0.011724749911380743,0.007967049353152681,754.1,757.8708333333333,14161,13408,14167,13419,2,22,

Mon Sep 12 17:44:35 2022,14162.0,13408.0,754.0,0.011545892265993247,0.007944707921440714,754.0875,757.8833333333333,14161,13408,14167,13419,2,22,

