8.0, 13.0, -6.0, 5.0, -4.0, 4.0, 5.0, 4.0, 2.0, 3.0, 7.0, 6.0, 10.0, -5.0, 2.0, -3.0, -4.0, 2.0, 4.0, 16.0, 5.0, -4.0, 14.0, 5.0, 4.0, 12.0, 8.0, 10.0, 9.0, 11.0, 10.0, 9.0, 3.0, 6.0, 10.0, 3.0, -15.0, 13.0, -9.0, 9.0, -6.0, 7.0, -4.0, 3.0, -3.0, 4.0, 3.0, 3.0, 2.0, 2.0, -22.0, 3.0, -2.0, 2.0, -10.0, 9.0, 5.0, 4.0, -4.0, 4.0, -5.0, 11.0, 3.0, 11.0, 6.0, -6.0, 4.0, -6.0, 5.0, 2.0, 12.0, -3.0, 6.0, 11.0, 4.0, 9.0, -5.0, 2.0, -3.0, 7.0, -4.0, -3.0, 5.0, -3.0, 2.0, -4.0, 7.0, -10.0, 8.0, -6.0, -4.0, -8.0, -5.0, 2.0, -4.0, -5.0, -3.0, -8.0, 4.0, 5.0, -5.0, 4.0, 2.0, 3.0, 6.0, 8.0, -3.0, 6.0, 8.0, 2.0, 3.0, 4.0, -3.0, 5.0, -3.0, 2.0, 6.0, -4.0, 9.0, 9.0, 5.0, -5.0, -2.0, 3.0, 6.0, 2.0, -5.0, 3.0, -5.0, 2.0, 14.0, 5.0, 9.0, 8.0, 2.0, -4.0, 2.0, 12.0, -3.0, -2.0, -2.0, 12.0, 20.0, -7.0, -6.0, -2.0, 10.0, 11.0, 4.0, 10.0, 14.0, 7.0, 2.0, 3.0, -2.0, 4.0, -8.0, 2.0, 2.0, -8.0, 2.0, 4.0, -6.0, -6.0, 5.0, -5.0, 8.0, 4.0, 9.0, 5.0, 2.0, 2.0, 3.0, 15.0, 25.0, -2.0, 7.0, 7.0, 8.0, 7.0, 7.0, 3.0, -24.0, 2.0, 10.0, -12.0, -9.0, 4.0, 1.0, 10.0, -13.0, 1.0, -2.0, -2.0, -6.0, -12.0, -10.0, 2.0, -2.0, 6.0, 3.0, 2.0, 10.0, -1.0, 15.0, -16.0, -2.0, 19.0, -18.0, 3.0, 4.0, 5.0, -5.0, 5.0, -6.0, 8.0, 9.0, 11.0, -2.0, 10.0, 5.0, 7.0, -5.0, 6.0, 4.0, 2.0, -1.0, 9.0, 1.0, -2.0, 5.0, 1.0, 2.0, -10.0, -12.0, -1.0, -8.0, 5.0, -1.0, 2.0, 47.0, 10.0, -2.0, 3.0, -10.0, -2.0, 4.0, -2.0, -7.0, -9.0, -6.0, 5.0, 18.0, 10.0, 10.0, 21.0, -18.0, 7.0, -11.0, -1.0, -2.0, 1.0, 6.0, 4.0, 4.0, 8.0, 8.0, 2.0, 10.0, -2.0, -7.0, 3.0, 3.0, 26.0, 9.0, 1.0, -3.0, -9.0, 5.0, 1.0, -12.0, 1.0, 10.0, 2.0, -10.0, 4.0, -4.0, -5.0, 5.0, 2.0, 4.0, 13.0, -8.0, 7.0, 15.0, 10.0, 3.0, 4.0, -16.0, -1.0, 17.0, 1.0, -4.0, 15.0, 4.0, 2.0, 12.0, -1.0, -17.0, 8.0, 8.0, -1.0, -2.0, 2.0, 25.0, 10.0, 4.0, -2.0, 2.0, -3.0, 21.0, -2.0, 2.0, 2.0, -18.0, 9.0, 16.0, 17.0, -6.0, -5.0, 7.0, 3.0, -3.0, 9.0, 17.0, -17.0, 16.0, -15.0, 3.0, 1.0, 10.0, -10.0, 10.0, 3.0, 15.0, 15.0, -14.0, 15.0, -16.0, 16.0, 24.0, -20.0, 21.0, -3.0, 3.0, 11.0, 46.0, -11.0, 22.0, 10.015814.0
15969.0
15814.0
15969.0
15814.0
15969.0
15814.0
15969.0
15814.0
15969.0
15814.0
15969.0
15814.0
15969.0
15814.0
15969.0
15814.0
15969.0
15814.0
15969.0
15814.0
15969.0
15814.0
15969.0
15814.0
15969.0
15814.0
15969.0
15814.0
15969.0
15814.0
15969.0
15814.0
15969.0
15814.0
15969.0
15814.0
15966.0
15814.0
15966.0
15814.0
15966.0
15814.0
15966.0
15814.0
15966.0
15814.0
15966.0
15814.0
15966.0
15814.0
15966.0
15814.0
15966.0
15814.0
15966.0
15814.0
15966.0
15814.0
15966.0
15814.0
15966.0
15814.0
15966.0
15814.0
15966.0
15814.0
15966.0
15814.0
15966.0
15814.0
15966.0
15814.0
15966.0
15814.0
15966.0
15814.0
15966.0
15814.0
15966.0
15814.0
15966.0
15814.0
15966.0
15814.0
15966.0
15814.0
15966.0
15814.0
15966.0
15814.0
15966.0
15814.0
15966.0
15814.0
15966.0
15814.0
15968.0
15814.0
15969.0
15814.0
15964.0
15814.0
15983.0
15814.0
15983.0
15814.0
15988.0
15814.0
15975.0
15814.0
15975.0
15814.0
15977.0
15814.0
15977.0
15814.0
15977.0
15814.0
15977.0
15814.0
15980.0
15814.0
15988.0
15814.0
15988.0
15814.0
15985.0
15814.0
15985.0
15814.0
15977.0
15814.0
15989.0
15814.0
15989.0
15814.0
15989.0
15814.0
15989.0
15814.0
15989.0
15814.0
15989.0
15814.0
15989.0
15814.0
15989.0
15814.0
15989.0
15814.0
15991.0
15814.0
15991.0
15814.0
15994.0
15814.0
15989.0
15814.0
15989.0
15814.0
15989.0
15814.0
15987.0
15814.0
15987.0
15814.0
15987.0
15814.0
15988.0
15814.0
15988.0
15814.0
15988.0
15814.0
15988.0
15814.0
15988.0
15814.0
15983.0
15814.0
15983.0
15814.0
15983.0
15814.0
15983.0
15814.0
15983.0
15814.0
15983.0
15814.0
15983.0
15814.0
15983.0
15814.0
15988.0
15814.0
15984.0
15814.0
15984.0
15814.0
15988.0
15814.0
15988.0
15814.0
15995.0
15814.0
15995.0
15814.0
15995.0
15814.0
15995.0
15814.0
15978.0
15814.0
15978.0
15814.0
15978.0
15814.0
15978.0
15814.0
15978.0
15814.0
15990.0
15814.0
15990.0
15814.0
15990.0
15814.0
15977.0
15814.0
15977.0
15814.0
15977.0
15814.0
15977.0
15814.0
15977.0
15814.0
15986.0
15814.0
15995.0
15814.0
15995.0
15814.0
15993.0
15814.0
16005.0
15814.0
15994.0
15814.0
16004.0
15814.0
16004.0
15814.0
16004.0
15814.0
16004.0
15814.0
15989.0
15814.0
15989.0
15814.0
15989.0
15814.0
15989.0
15814.0
15989.0
15814.0
15989.0
15814.0
15989.0
15814.0
15989.0
15814.0
15989.0
15814.0
16000.0
15814.0
15990.0
15814.0
15990.0
15814.0
15990.0
15814.0
16000.0
15814.0
16000.0
15814.0
16000.0
15814.0
16000.0
15814.0
16000.0
15814.0
16000.0
15814.0
16000.0
15814.0
15989.0
15814.0
15989.0
15814.0
15989.0
15814.0
15985.0
15814.0
15985.0
15814.0
15985.0
15814.0
15994.0
15814.0
15994.0
15814.0
15994.0
15814.0
15994.0
15814.0
15994.0
15814.0
15994.0
15814.0
15994.0
15814.0
15994.0
15814.0
15998.0
15814.0
15998.0
15814.0
15998.0
15814.0
15998.0
15814.0
15986.0
15814.0
15986.0
15814.0
15986.0
15814.0
15997.0
15814.0
15997.0
15814.0
15997.0
15814.0
15997.0
15814.0
15997.0
15814.0
15998.0
15814.0
15998.0
15814.0
15998.0
15814.0
15998.0
15814.0
15998.0
15814.0
15998.0
15814.0
15998.0
15814.0
15998.0
15814.0
15998.0
15814.0
15998.0
15814.0
15998.0
15814.0
15998.0
15814.0
15998.0
15814.0
15998.0
15814.0
15998.0
15814.0
15998.0
15814.0
15998.0
15814.0
15998.0
15814.0
15998.0
15814.0
15998.0
15814.0
15998.0
15814.0
15998.0
15814.0
15969.0
15814.0
15992.0
15814.0
15969.0
15814.0
15969.0
15814.0
15969.0
15814.0
15969.0
15814.0
15969.0
15814.0
15969.0
15814.0
15969.0
15814.0
15969.0
15814.0
15969.0
15814.0
15969.0
15814.0
15969.0
15814.0
15969.0
15814.0
15969.0
15814.0
15969.0
15814.0
15969.0
15814.0
15969.0
15814.0
15969.0
15814.0
15969.0
15814.0
15969.0
15814.0
15969.0
15814.0
15969.0
15814.0
15969.0
15814.0
15969.0
15814.0
15969.0
15814.0
15969.0
15814.0
15969.0
15814.0
15969.0
15814.0
15969.0
15814.0
15969.0
15814.0
15969.0
15814.0
15969.0
15814.0
15969.0
15814.0
15969.0
15814.0
15969.0
15814.0
15969.0
15814.0
15969.0
15814.0
15969.0
15814.0
15969.0
15814.0
15969.0
15814.0
15969.0
15814.0
15969.0
15814.0
15969.0
15814.0
15969.0
15814.0
15969.0
15814.0
15985.0
15814.0
15985.0
15814.0
15985.0
15814.0
15988.0
15814.0
15989.0
15814.0
15981.0
15814.0
15974.0
15814.0
15977.0
15814.0
15964.0
15814.0
15979.0
15814.0
15979.0
15814.0
15980.0
15814.0
15984.0
15814.0
15984.0
15814.0
15967.0
15814.0
15986.0
15814.0
15986.0
15814.0
15986.0
15814.0
15986.0
15814.0
15992.0
15814.0
15992.0
15814.0
15992.0
15814.0
15992.0
15814.0
15992.0
15814.0
15992.0
15814.0
15992.0
15814.0
15992.0
15814.0
15992.0
15814.0
15992.0
15814.0
15992.0
15814.0
15992.0
15814.0
15992.0
15814.0
15992.0
15814.0
15992.0
15814.0
15992.0
15814.0
15992.0
15814.0
15976.0
15814.0
15976.0
15814.0
15976.0
15814.0
15976.0
15814.0
15976.0
15814.0
15976.0
15814.0
15976.0
15814.0
15976.0
15814.0
15976.0
15814.0
15976.0
15814.0
15976.0
15814.0
15968.0
15814.0
15976.0
15814.0
15969.0
15814.0
15975.0
15814.0
15973.0
15814.0
15973.0
15814.0
15973.0
15814.0
15973.0
15814.0
15973.0
15814.0
15973.0
15814.0
15973.0
15814.0
15973.0
15814.0
15973.0
15814.0
15973.0
15814.0
15973.0
15814.0
15961.0
15814.0
15972.0
15814.0
15972.0
15814.0
15972.0
15814.0
15972.0
15814.0
15976.0
15814.0
15983.0
15814.0
15983.0
15814.0
15983.0
15814.0
15983.0
15814.0
15971.0
15814.0
15971.0
15814.0
15971.0
15814.0
15971.0
15814.0
15971.0
15814.0
15971.0
15814.0
15971.0
15814.0
15971.0
15814.0
15971.0
15814.0
15971.0
15814.0
15971.0
15814.0
15971.0
15814.0
15971.0
15814.0
15971.0
15814.0
15971.0
15814.0
15971.0
15814.0
15971.0
15814.0
15971.0
15814.0
15971.0
15814.0
15971.0
15814.0
15971.0
15814.0
15971.0
15814.0
15971.0
15814.0
15993.0
15814.0
15982.0
15814.0
15982.0
15814.0
15982.0
15814.0
15978.0
15814.0
15978.0
15814.0
15978.0
15814.0
15978.0
15814.0
15978.0
15814.0
15978.0
15814.0
15978.0
15814.0
15978.0
15814.0
15978.0
15814.0
15978.0
15814.0
15978.0
15814.0
15978.0
15814.0
15978.0
15814.0
15978.0
15814.0
15978.0
15814.0
15978.0
15814.0
15978.0
15814.0
15978.0
15814.0
15978.0
15814.0
15978.0
15814.0
15978.0
15814.0
15978.0
15814.0
15978.0
15814.0
15978.0
15855.0
15978.0
15855.0
15978.0
15855.0
15978.0
15855.0
15978.0
15855.0
15978.0
15855.0
15978.0
15855.0
15978.0
15855.0
15978.0
15855.0
15978.0
15855.0
15978.0
15855.0
15978.0
15855.0
15978.0
15855.0
15978.0
15855.0
15978.0
15855.0
15978.0
15855.0
15978.0
15855.0
15978.0
15855.0
15978.0
15822.0
15976.0
15822.0
15977.0
15822.0
15971.0
15822.0
15981.0
15822.0
15971.0
15822.0
15971.0
15822.0
15966.0
15822.0
15966.0
15822.0
15963.0
15822.0
15960.0
15822.0
15960.0
15822.0
15949.0
15822.0
15949.0
15823.0
15936.0
15823.0
15936.0
15823.0
15936.0
15823.0
15936.0
15823.0
15936.0
15823.0
15934.0
15823.0
15934.0
15823.0
15934.0
15823.0
15930.0
15823.0
15936.0
15823.0
15935.0
15823.0
15935.0
15823.0
15926.0
15823.0
15918.0
15823.0
15918.0
15823.0
15918.0
15823.0
15920.0
15823.0
15920.0
15823.0
15920.0
15823.0
15920.0
15823.0
15920.0
15823.0
15920.0
15823.0
15920.0
15823.0
15920.0
15823.0
15920.0
15823.0
15924.0
15823.0
15924.0
15823.0
15924.0
15823.0
15921.0
15823.0
15922.0
15823.0
15922.0
15823.0
15922.0
15823.0
15920.0
15823.0
15920.0
15823.0
15920.0
15823.0
15920.0
15823.0
15920.0
15823.0
15925.0
15823.0
15925.0
15823.0
15925.0
15823.0
15925.0
15823.0
15925.0
15823.0
15925.0
15823.0
15923.0
15823.0
15923.0
15823.0
15923.0
15823.0
15917.0
15823.0
15917.0
15823.0
15917.0
15823.0
15917.0
15823.0
15917.0
15823.0
15917.0
15823.0
15917.0
15823.0
15917.0
15823.0
15917.0
15823.0
15911.0
15823.0
15911.0
15823.0
15911.0
15823.0
15918.0
15823.0
15925.0
15823.0
15913.0
15823.0
15913.0
15823.0
15902.0
15823.0
15902.0
15823.0
15910.0
15823.0
15915.0
15823.0
15915.0
15823.0
15912.0
15823.0
15911.0
15823.0
15911.0
15823.0
15911.0
15823.0
15911.0
15823.0
15913.0
15823.0
15906.0
15823.0
15922.0
15823.0
15922.0
15823.0
15922.0
15823.0
15922.0
15823.0
15917.0
15823.0
15917.0
15823.0
15917.0
15823.0
15917.0
15823.0
15917.0
15823.0
15913.0
15823.0
15913.0
15823.0
15919.0
15823.0
15919.0
15823.0
15919.0
15823.0
15913.0
15823.0
15913.0
15823.0
15913.0
15823.0
15913.0
15823.0
15913.0
15823.0
15913.0
15823.0
15913.0
15823.0
15913.0
15823.0
15913.0
15823.0
15913.0
15823.0
15913.0
15823.0
15913.0
15823.0
15916.0
15823.0
15916.0
15823.0
15916.0
15823.0
15916.0
15823.0
15916.0
15823.0
15916.0
15823.0
15916.0
15823.0
15916.0
15823.0
15916.0
15823.0
15916.0
15823.0
15916.0
15823.0
15917.0
15823.0
15912.0
15823.0
15916.0
15823.0
15913.0
15823.0
15913.0
15823.0
15913.0
15823.0
15913.0
15823.0
15913.0
15823.0
15913.0
15823.0
15911.0
15823.0
15911.0
15823.0
15911.0
15823.0
15911.0
15823.0
15921.0
15823.0
15921.0
15823.0
15920.0
15823.0
15920.0
15823.0
15920.0
15823.0
15920.0
15823.0
15920.0
15823.0
15920.0
15823.0
15912.0
15823.0
15918.0
15823.0
15915.0
15823.0
15915.0
15823.0
15919.0
15823.0
15920.0
15823.0
15920.0
15823.0
15920.0
15823.0
15920.0
15823.0
15920.0
15823.0
15920.0
15823.0
15920.0
15823.0
15920.0
15823.0
15919.0
15823.0
15904.0
15823.0
15904.0
15823.0
15917.0
15823.0
15921.0
15823.0
15921.0
15823.0
15921.0
15823.0
15921.0
15823.0
15921.0
15823.0
15921.0
15823.0
15921.0
15823.0
15922.0
15823.0
15922.0
15823.0
15922.0
15823.0
15922.0
15823.0
15922.0
15823.0
15922.0
15823.0
15922.0
15823.0
15922.0
15823.0
15922.0
15823.0
15922.0
15823.0
15922.0
15823.0
15930.0
15823.0
15930.0
15823.0
15930.0
15823.0
15930.0
15823.0
15930.0
15823.0
15930.0
15823.0
15930.0
15823.0
15930.0
15823.0
15930.0
15823.0
15930.0
15823.0
15930.0
15823.0
15930.0
15823.0
15930.0
15823.0
15930.0
15823.0
15921.0
15823.0
15921.0
15823.0
15921.0
15823.0
15921.0
15823.0
15921.0
15823.0
15921.0
15823.0
15921.0
15823.0
15921.0
15823.0
15921.0
15823.0
15921.0
15823.0
15921.0
15823.0
15921.0
15823.0
15921.0
15823.0
15921.0
15823.0
15921.0
15823.0
15921.0
15823.0
15921.0
15823.0
15921.0
15823.0
15921.0
15823.0
15921.0
15823.0
15921.0
15823.0
15921.0
15823.0
15924.0
15823.0
15913.0
15823.0
15922.0
15823.0
15921.0
15823.0
15921.0
15823.0
15921.0
15823.0
15921.0
15823.0
15921.0
15823.0
15921.0
15823.0
15921.0
15823.0
15921.0
15823.0
15941.0
15823.0
15941.0
15823.0
15941.0
15823.0
15941.0
15823.0
15941.0
15823.0
15941.0
15823.0
15908.0
15823.0
15921.0
15823.0
15907.0
15823.0
15907.0
15823.0
15907.0
15823.0
15921.0
15823.0
15921.0
15823.0
15921.0
15823.0
15920.0
15823.0
15920.0
15823.0
15918.0
15823.0
15918.0
15823.0
15918.0
15823.0
15918.0
15823.0
15918.0
15823.0
15918.0
15823.0
15923.0
15823.0
15923.0
15823.0
15923.0
15823.0
15923.0
15823.0
15923.0
15823.0
15923.0
15823.0
15923.0
15823.0
15907.0
15823.0
15907.0
15823.0
15907.0
15823.0
15907.0
15823.0
15907.0
15823.0
15907.0
15823.0
15907.0
15823.0
15928.0
15823.0
15928.0
15823.0
15928.0
15823.0
15919.0
15823.0
15919.0
15823.0
15919.0
15823.0
15920.0
15823.0
15920.0
15823.0
15920.0
15823.0
15920.0
15823.0
15920.0
15823.0
15920.0
15823.0
15922.0
15823.0
15922.0
15823.0
15922.0
15823.0
15922.0
15823.0
15922.0
15823.0
15922.0
15823.0
15923.0
15823.0
15923.0
15823.0
15920.0
15823.0
15923.0
15823.0
15923.0
15823.0
15929.0
15823.0
15929.0
15823.0
15929.0
15823.0
15929.0
15823.0
15929.0
15823.0
15929.0
15823.0
15929.0
15823.0
15929.0
15823.0
15929.0
15823.0
15920.0
15823.0
15921.0
15823.0
15921.0
15823.0
15921.0
15823.0
15929.0
15823.0
15929.0
15823.0
15929.0
15823.0
15929.0
15823.0
15929.0
15823.0
15929.0
15823.0
15929.0
15823.0
15930.0
15823.0
15920.0
15823.0
15920.0
15823.0
15920.0
15823.0
15920.0
15823.0
15920.0
15823.0
15920.0
15823.0
15920.0
15823.0
15920.0
15823.0
15920.0
15823.0
15920.0
15823.0
15920.0
15823.0
15933.0
15823.0
15933.0
15823.0
15933.0
15823.0
15921.0
15823.0
15904.0
15823.0
15904.0
15823.0
15904.0
15823.0
15919.0
15823.0
15919.0
15823.0
15919.0
15823.0
15918.0
15823.0
15918.0
15823.0
15918.0
15823.0
15918.0
15823.0
15908.0
15823.0
15916.0
15823.0
15916.0
15823.0
15916.0
15823.0
15916.0
15823.0
15917.0
15823.0
15917.0
15823.0
15917.0
15823.0
15911.0
15823.0
15911.0
15823.0
15911.0
15823.0
15917.0
15823.0
15917.0
15823.0
15916.0
15823.0
15918.0
15823.0
15918.0
15823.0
15918.0
15823.0
15918.0
15823.0
15918.0
15823.0
15918.0
15823.0
15918.0
15823.0
15918.0
15823.0
15918.0
15823.0
15918.0
15823.0
15918.0
15823.0
15918.0
15823.0
15918.0
15823.0
15922.0
15823.0
15921.0
15823.0
15921.0
15823.0
15921.0
15823.0
15921.0
15823.0
15921.0
15823.0
15902.0
15823.0
15918.0
15823.0
15900.0
15823.0
15900.0
15823.0
15900.0
15816.0
15900.0
15816.0
15900.0
15810.0
15904.0
15810.0
15904.0
15810.0
15900.0
15810.0
15900.0
15810.0
15900.0
15810.0
15900.0
15810.0
15900.0
15810.0
15900.0
15810.0
15900.0
15810.0
15900.0
15810.0
15903.0
15810.0
15901.0
15810.0
15901.0
15810.0
15901.0
15810.0
15901.0
15810.0
15901.0
15810.0
15901.0
15810.0
15901.0
15810.0
15901.0
15810.0
15901.0
15810.0
15901.0
15810.0
15910.0
15810.0
15910.0
15810.0
15910.0
15810.0
15910.0
15810.0
15910.0
15810.0
15910.0
15810.0
15910.0
15810.0
15910.0
15810.0
15906.0
15810.0
15908.0
15810.0
15908.0
15810.0
15921.0
15810.0
15921.0
15810.0
15913.0
15810.0
15913.0
15810.0
15913.0
15810.0
15913.0
15810.0
15913.0
15810.0
15913.0
15810.0
15922.0
15810.0
15922.0
15810.0
15922.0
15810.0
15922.0
15810.0
15922.0
15810.0
15922.0
15810.0
15922.0
15810.0
15911.0
15810.0
15911.0
15810.0
15911.0
15810.0
15911.0
15810.0
15911.0
15810.0
15910.0
15810.0
15910.0
15810.0
15910.0
15810.0
15910.0
15810.0
15910.0
15810.0
15900.0
15810.0
15901.0
15810.0
15914.0
15810.0
15903.0
15810.0
15900.0
15810.0
15900.0
15810.0
15900.0
15810.0
15900.0
15810.0
15900.0
15810.0
15900.0
15810.0
15901.0
15810.0
15901.0
15810.0
15900.0
15810.0
15900.0
15810.0
15900.0
15810.0
15900.0
15810.0
15900.0
15810.0
15900.0
15810.0
15900.0
15810.0
15900.0
15810.0
15900.0
15810.0
15900.0
15810.0
15900.0
15810.0
15900.0
15810.0
15900.0
15810.0
15904.0
15810.0
15901.0
15810.0
15901.0
15810.0
15901.0
15810.0
15901.0
15810.0
15901.0
15810.0
15901.0
15810.0
15901.0
15810.0
15907.0
15810.0
15910.0
15810.0
15910.0
15810.0
15910.0
15810.0
15910.0
15810.0
15910.0
15810.0
15910.0
15810.0
15910.0
15810.0
15910.0
15810.0
15910.0
15810.0
15910.0
15810.0
15910.0
15810.0
15910.0
15819.0
15922.0
15819.0
15906.0
15819.0
15906.0
15819.0
15906.0
15819.0
15906.0
15819.0
15906.0
15819.0
15906.0
15819.0
15906.0
15819.0
15906.0
15819.0
15906.0
15819.0
15906.0
15819.0
15906.0
15819.0
15906.0
15819.0
15906.0
15819.0
15906.0
15819.0
15906.0
15819.0
15909.0
15819.0
15909.0
15819.0
15909.0
15819.0
15909.0
15819.0
15909.0
15819.0
15909.0
15819.0
15909.0
15819.0
15909.0
15819.0
15909.0
15819.0
15909.0
15819.0
15911.0
15819.0
15911.0
15819.0
15911.0
15819.0
15911.0
15819.0
15911.0
15819.0
15911.0
15819.0
15911.0
15819.0
15911.0
15819.0
15911.0
15819.0
15911.0
15819.0
15911.0
15819.0
15911.0
15819.0
15911.0
15819.0
15911.0
15819.0
15911.0
15819.0
15911.0
15819.0
15911.0
15819.0
15911.0
15819.0
15911.0
15819.0
15911.0
15819.0
15911.0
15819.0
15911.0
15819.0
15911.0
15819.0
15911.0
15819.0
15911.0
15819.0
15911.0
15819.0
15911.0
15819.0
15906.0
15819.0
15906.0
15819.0
15906.0
15819.0
15906.0
15819.0
15906.0
15819.0
15906.0
15819.0
15906.0
15819.0
15906.0
15819.0
15906.0
15819.0
15906.0
15819.0
15906.0
15819.0
15906.0
15819.0
15906.0
15819.0
15906.0
15819.0
15906.0
15819.0
15906.0
15819.0
15906.0
15819.0
15906.0
15819.0
15906.0
15819.0
15906.0
15819.0
15906.0
15819.0
15906.0
15819.0
15906.0
15819.0
15906.0
15819.0
15906.0
15819.0
15906.0
15819.0
15906.0
15819.0
15906.0
15819.0
15906.0
15819.0
15906.0
15819.0
15906.0
15819.0
15906.0
15819.0
15906.0
15819.0
15906.0
15819.0
15906.0
15819.0
15906.0
15819.0
15906.0
15819.0
15906.0
15819.0
15906.0
15819.0
15906.0
15819.0
15906.0
15819.0
15906.0
15819.0
15906.0
15819.0
15906.0
15819.0
15906.0
15819.0
15906.0
15819.0
15906.0
15819.0
15906.0
15819.0
15906.0
15819.0
15906.0
15819.0
15906.0
15819.0
15906.0
15819.0
15906.0
15819.0
15906.0
15819.0
15906.0
15819.0
15906.0
15819.0
15906.0
15819.0
15906.0
15819.0
15906.0
15819.0
15906.0
15819.0
15906.0
15819.0
15906.0
15819.0
15906.0
15819.0
15906.0
15819.0
15906.0
15819.0
15906.0
15819.0
15906.0
15819.0
15906.0
15819.0
15906.0
15819.0
15906.0
15819.0
15906.0
15819.0
15906.0
15819.0
15906.0
15819.0
15906.0
15819.0
15906.0
15819.0
15906.0
15819.0
15906.0
15819.0
15906.0
15819.0
15906.0
15819.0
15906.0
15819.0
15906.0
15819.0
15906.0
15819.0
15906.0
15819.0
15906.0
15819.0
15906.0
15819.0
15906.0
15819.0
15906.0
15819.0
15906.0
15819.0
15906.0
15819.0
15906.0
15819.0
15906.0
15819.0
15906.0
15819.0
15906.0
15819.0
15906.0
15819.0
15906.0
15819.0
15906.0
15819.0
15906.0
15819.0
15906.0
15819.0
15906.0
15819.0
15906.0
15819.0
15906.0
15819.0
15906.0
15819.0
15906.0
15819.0
15906.0
15819.0
15906.0
15819.0
15906.0
15819.0
15906.0
15819.0
15906.0
15819.0
15906.0
15819.0
15906.0
15819.0
15906.0
15819.0
15906.0
15819.0
15906.0
15819.0
15906.0
15819.0
15906.0
15819.0
15906.0
15819.0
15906.0
15819.0
15906.0
15819.0
15906.0
15819.0
15906.0
15819.0
15906.0
15819.0
15906.0
15819.0
15906.0
15819.0
15906.0
15819.0
15906.0
15819.0
15906.0
15819.0
15906.0
15819.0
15906.0
15819.0
15906.0
15819.0
15906.0
15819.0
15906.0
15819.0
15906.0
15819.0
15906.0
15819.0
15906.0
15819.0
15906.0
15819.0
15906.0
15819.0
15906.0
15819.0
15906.0
15819.0
15906.0
15819.0
15906.0
15819.0
15906.0
15819.0
15906.0
15819.0
15906.0
15819.0
15906.0
15819.0
15906.0
15819.0
15906.0
15819.0
15906.0
15819.0
15906.0
15819.0
15906.0
15819.0
15906.0
15819.0
15906.0
15819.0
15906.0
15819.0
15906.0
15819.0
15906.0
15819.0
15906.0
15819.0
15906.0
15819.0
15906.0
15819.0
15906.0
15819.0
15906.0
15819.0
15906.0
15819.0
15906.0
15819.0
15906.0
15819.0
15906.0
15819.0
15906.0
15819.0
15906.0
15819.0
15906.0
15819.0
15906.0
15819.0
15906.0
15819.0
15906.0
15819.0
15906.0
15819.0
15906.0
15819.0
15906.0
15819.0
15906.0
15819.0
15906.0
15819.0
15906.0
15819.0
15906.0
15819.0
15906.0
15819.0
15906.0
15819.0
15906.0
15819.0
15906.0
15819.0
15906.0
15819.0
15906.0
15819.0
15906.0
15819.0
15906.0
15819.0
15906.0
15819.0
15906.0
15819.0
15906.0
15819.0
15906.0
15819.0
15906.0
15819.0
15906.0
15819.0
15906.0
15819.0
15906.0
15819.0
15906.0
15819.0
15906.0
15819.0
15906.0
15819.0
15906.0
15819.0
15906.0
15819.0
15906.0
15819.0
15906.0
15819.0
15906.0
15819.0
15906.0
15819.0
15906.0
15819.0
15906.0
15819.0
15906.0
15819.0
15906.0
15819.0
15906.0
15819.0
15906.0
15819.0
15906.0
15819.0
15906.0
15819.0
15906.0
15819.0
15906.0
15819.0
15906.0
15819.0
15906.0
15819.0
15906.0
15819.0
15906.0
15819.0
15906.0
15819.0
15906.0
15819.0
15906.0
15819.0
15906.0
15819.0
15906.0
15819.0
15906.0
15819.0
15906.0
15819.0
15906.0
15819.0
15906.0
15819.0
15906.0
15819.0
15906.0
15819.0
15906.0
15819.0
15906.0
15819.0
15906.0
15819.0
15906.0
15819.0
15906.0
15819.0
15906.0
15819.0
15906.0
15819.0
15906.0
15819.0
15906.0
15819.0
15906.0
15819.0
15906.0
15819.0
15909.0
15819.0
15909.0
15819.0
15914.0
15819.0
15914.0
15819.0
15912.0
15819.0
15912.0
15819.0
15912.0
15819.0
15914.0
15819.0
15901.0
15819.0
15901.0
15819.0
15901.0
15819.0
15901.0
15819.0
15901.0
15819.0
15901.0
15819.0
15901.0
15819.0
15901.0
15800.0
15901.0
15800.0
15901.0
15800.0
15901.0
15800.0
15903.0
15800.0
15905.0
15800.0
15905.0
15800.0
15901.0
15800.0
15902.0
15800.0
15908.0
15800.0
15911.0
15800.0
15900.0
15800.0
15911.0
15788.0
15906.0
15788.0
15907.0
15788.0
15908.0
15788.0
15912.0
15788.0
15910.0
15788.0
15909.0
15788.0
15909.0
15788.0
15909.0
15788.0
15909.0
15788.0
15909.0
15788.0
15909.0
15788.0
15909.0
15788.0
15909.0
15788.0
15909.0
15788.0
15909.0
15788.0
15909.0
15788.0
15909.0
15788.0
15909.0
15788.0
15909.0
15788.0
15909.0
15788.0
15909.0
15788.0
15909.0
15788.0
15909.0
15788.0
15909.0
15788.0
15909.0
15788.0
15909.0
15788.0
15909.0
15788.0
15909.0
15788.0
15909.0
15788.0
15909.0
15788.0
15909.0
15788.0
15909.0
15788.0
15909.0
15788.0
15909.0
15788.0
15909.0
15788.0
15909.0
15788.0
15909.0
15788.0
15909.0
15788.0
15909.0
15788.0
15909.0
15788.0
15909.0
15788.0
15909.0
15788.0
15909.0
15788.0
15909.0
15788.0
15909.0
15788.0
15909.0
15788.0
15909.0
15788.0
15911.0
15788.0
15902.0
15788.0
15902.0
15788.0
15902.0
15788.0
15902.0
15788.0
15902.0
15788.0
15902.0
15788.0
15902.0
15788.0
15902.0
15788.0
15902.0
15788.0
15902.0
15788.0
15902.0
15788.0
15902.0
15788.0
15900.0
15788.0
15900.0
15788.0
15900.0
15788.0
15900.0
15788.0
15900.0
15788.0
15900.0
15788.0
15900.0
15788.0
15900.0
15788.0
15900.0
15788.0
15900.0
15788.0
15900.0
15788.0
15895.0
15788.0
15904.0
15788.0
15900.0
15788.0
15900.0
15788.0
15900.0
15788.0
15900.0
15788.0
15900.0
15788.0
15900.0
15788.0
15908.0
15788.0
15908.0
15788.0
15908.0
15788.0
15908.0
15788.0
15904.0
15788.0
15904.0
15788.0
15904.0
15788.0
15904.0
15788.0
15912.0
15788.0
15914.0
15788.0
15914.0
15788.0
15914.0
15788.0
15914.0
15788.0
15915.0
15788.0
15915.0
15788.0
15904.0
15788.0
15904.0
15788.0
15904.0
15788.0
15904.0
15788.0
15904.0
15788.0
15904.0
15788.0
15904.0
15788.0
15904.0
15788.0
15904.0
15788.0
15904.0
15788.0
15904.0
15788.0
15904.0
15788.0
15904.0
15788.0
15904.0
15788.0
15904.0
15788.0
15904.0
15788.0
15904.0
15788.0
15904.0
15788.0
15915.0
15788.0
15919.0
15788.0
15919.0
15788.0
15919.0
15788.0
15919.0
15788.0
15919.0
15788.0
15919.0
15788.0
15919.0
15788.0
15919.0
15788.0
15919.0
15788.0
15919.0
15788.0
15919.0
15788.0
15919.0
15788.0
15917.0
15788.0
15920.0
15788.0
15920.0
15788.0
15920.0
15788.0
15923.0
15788.0
15923.0
15788.0
15923.0
15788.0
15923.0
15788.0
15923.0
15788.0
15923.0
15788.0
15923.0
15788.0
15923.0
15788.0
15923.0
15788.0
15923.0
15788.0
15923.0
15788.0
15930.0
15788.0
15933.0
15788.0
15935.0
15788.0
15935.0
15788.0
15935.0
15788.0
15935.0
15788.0
15935.0
15788.0
15935.0
15788.0
15935.0
15788.0
15940.0
15788.0
15936.0
15788.0
15936.0
15788.0
15936.0
15788.0
15936.0
15788.0
15936.0
15788.0
15936.0
15788.0
15936.0
15788.0
15936.0
15788.0
15936.0
15788.0
15936.0
15788.0
15936.0
15788.0
15936.0
15788.0
15936.0
15788.0
15936.0
15788.0
15936.0
15788.0
15936.0
15788.0
15936.0
15788.0
15940.0
15788.0
15940.0
15788.0
15940.0
15788.0
15940.0
15788.0
15940.0
15788.0
15940.0
15788.0
15940.0
15788.0
15940.0
15788.0
15940.0
15788.0
15940.0
15788.0
15940.0
15788.0
15940.0
15788.0
15940.0
15788.0
15940.0
15788.0
15940.0
15788.0
15935.0
15788.0
15926.0
15788.0
15926.0
15788.0
15926.0
15788.0
15926.0
15788.0
15926.0
15788.0
15926.0
15788.0
15926.0
15788.0
15926.0
15788.0
15926.0
15788.0
15926.0
15788.0
15927.0
15788.0
15927.0
15788.0
15927.0
15788.0
15927.0
15788.0
15927.0
15788.0
15927.0
15788.0
15923.0
15788.0
15923.0
15788.0
15923.0
15788.0
15923.0
15788.0
15923.0
15788.0
15923.0
15788.0
15923.0
15788.0
15925.0
15788.0
15925.0
15788.0
15925.0
15788.0
15925.0
15788.0
15925.0
15788.0
15925.0
15788.0
15925.0
15788.0
15925.0
15788.0
15924.0
15788.0
15924.0
15788.0
15924.0
15788.0
15924.0
15788.0
15924.0
15788.0
15924.0
15788.0
15924.0
15788.0
15924.0
15788.0
15924.0
15788.0
15924.0
15788.0
15924.0
15788.0
15929.0
15788.0
15929.0
15788.0
15929.0
15788.0
15929.0
15788.0
15930.0
15788.0
15923.0
15788.0
15923.0
15788.0
15923.0
15788.0
15923.0
15788.0
15923.0
15788.0
15923.0
15788.0
15923.0
15788.0
15921.0
15788.0
15921.0
15788.0
15929.0
15788.0
15929.0
15788.0
15929.0
15788.0
15929.0
15788.0
15929.0
15788.0
15929.0
15788.0
15929.0
15788.0
15929.0
15788.0
15929.0
15788.0
15929.0
15820.0
15929.0
15820.0
15929.0
15820.0
15929.0
15820.0
15929.0
15820.0
15929.0
15820.0
15929.0
15820.0
15929.0
15820.0
15929.0
15820.0
15929.0
15820.0
15929.0
15820.0
15929.0
15820.0
15929.0
15820.0
15929.0
15820.0
15929.0
15820.0
15929.0
15820.0
15929.0
15820.0
15929.0
15820.0
15929.0
15820.0
15929.0
15820.0
15929.0
15820.0
15929.0
15820.0
15929.0
15820.0
15929.0
15820.0
15929.0
15820.0
15929.0
15820.0
15929.0
15820.0
15929.0
15820.0
15929.0
15820.0
15929.0
15820.0
15929.0
15820.0
15929.0
15820.0
15929.0
15820.0
15929.0
15820.0
15929.0
15820.0
15929.0
15820.0
15929.0
15820.0
15929.0
15820.0
15929.0
15820.0
15929.0
15820.0
15929.0
15820.0
15929.0
15820.0
15929.0
15820.0
15929.0
15820.0
15929.0
15820.0
15929.0
15820.0
15929.0
15820.0
15929.0
15820.0
15929.0
15820.0
15929.0
15820.0
15929.0
15820.0
15929.0
15820.0
15929.0
15820.0
15929.0
15820.0
15929.0
15820.0
15929.0
15820.0
15929.0
15820.0
15929.0
15820.0
15929.0
15820.0
15921.0
15820.0
15921.0
15820.0
15921.0
15820.0
15921.0
15820.0
15921.0
15820.0
15921.0
15820.0
15921.0
15820.0
15921.0
15820.0
15921.0
15820.0
15921.0
15820.0
15921.0
15820.0
15921.0
15820.0
15921.0
15820.0
15921.0
15820.0
15921.0
15820.0
15921.0
15820.0
15921.0
15820.0
15921.0
15820.0
15921.0
15820.0
15921.0
15820.0
15921.0
15820.0
15921.0
15820.0
15921.0
15820.0
15921.0
15820.0
15921.0
15820.0
15921.0
15820.0
15921.0
15820.0
15921.0
15820.0
15921.0
15820.0
15921.0
15820.0
15921.0
15820.0
15921.0
15820.0
15921.0
15820.0
15921.0
15820.0
15921.0
15820.0
15921.0
15820.0
15921.0
15820.0
15921.0
15820.0
15921.0
15820.0
15921.0
15820.0
15921.0
15820.0
15921.0
15820.0
15921.0
15820.0
15921.0
15820.0
15921.0
15820.0
15921.0
15820.0
15921.0
15820.0
15921.0
15820.0
15921.0
15820.0
15921.0
15820.0
15921.0
15820.0
15921.0
15820.0
15921.0
15820.0
15921.0
15820.0
15921.0
15820.0
15921.0
15820.0
15921.0
15820.0
15921.0
15820.0
15921.0
15820.0
15921.0
15820.0
15921.0
15820.0
15921.0
15820.0
15921.0
15820.0
15921.0
15820.0
15921.0
15820.0
15921.0
15820.0
15921.0
15820.0
15921.0
15820.0
15921.0
15820.0
15921.0
15820.0
15921.0
15820.0
15921.0
15820.0
15921.0
15820.0
15921.0
15820.0
15921.0
15820.0
15921.0
15820.0
15921.0
15820.0
15921.0
15820.0
15921.0
15820.0
15921.0
15820.0
15921.0
15820.0
15921.0
15820.0
15921.0
15820.0
15921.0
15820.0
15921.0
15820.0
15921.0
15820.0
15921.0
15820.0
15921.0
15820.0
15921.0
15820.0
15921.0
15820.0
15921.0
15820.0
15921.0
15820.0
15921.0
15820.0
15921.0
15820.0
15921.0
15820.0
15921.0
15820.0
15921.0
15820.0
15921.0
15820.0
15921.0
15820.0
15921.0
15820.0
15921.0
15820.0
15921.0
15820.0
15921.0
15820.0
15921.0
15820.0
15921.0
15820.0
15921.0
15820.0
15921.0
15820.0
15921.0
15820.0
15921.0
15820.0
15921.0
15820.0
15921.0
15820.0
15921.0
15820.0
15921.0
15820.0
15921.0
15820.0
15921.0
15820.0
15921.0
15820.0
15921.0
15820.0
15921.0
15820.0
15921.0
15820.0
15921.0
15820.0
15921.0
15820.0
15921.0
15820.0
15921.0
15820.0
15921.0
15820.0
15921.0
15820.0
15921.0
15820.0
15921.0
15820.0
15921.0
15820.0
15921.0
15820.0
15921.0
15820.0
15921.0
15820.0
15921.0
15820.0
15921.0
15820.0
15921.0
15820.0
15921.0
15820.0
15921.0
15820.0
15927.0
15820.0
15920.0
15820.0
15920.0
15820.0
15927.0
15820.0
15927.0
15820.0
15927.0
15820.0
15927.0
15820.0
15927.0
15820.0
15927.0
15820.0
15927.0
15820.0
15927.0
15820.0
15927.0
15820.0
15927.0
15820.0
15927.0
15820.0
15927.0
15820.0
15927.0
15820.0
15927.0
15820.0
15927.0
15820.0
15927.0
15820.0
15927.0
15820.0
15927.0
15820.0
15927.0
15820.0
15927.0
15820.0
15927.0
15820.0
15927.0
15820.0
15927.0
15820.0
15927.0
15820.0
15927.0
15820.0
15927.0
15820.0
15927.0
15820.0
15927.0
15820.0
15927.0
15820.0
15927.0
15820.0
15927.0
15820.0
15927.0
15820.0
15927.0
15820.0
15927.0
15820.0
15927.0
15820.0
15927.0
15820.0
15927.0
15820.0
15927.0
15820.0
15927.0
15820.0
15927.0
15820.0
15927.0
15820.0
15927.0
15820.0
15927.0
15820.0
15927.0
15820.0
15927.0
15820.0
15927.0
15820.0
15927.0
15820.0
15927.0
15820.0
15927.0
15820.0
15927.0
15820.0
15927.0
15820.0
15927.0
15820.0
15927.0
15820.0
15927.0
15820.0
15927.0
15820.0
15927.0
15820.0
15927.0
15820.0
15927.0
15820.0
15927.0
15820.0
15927.0
15820.0
15927.0
15820.0
15927.0
15820.0
15927.0
15820.0
15927.0
15820.0
15927.0
15820.0
15927.0
15820.0
15927.0
15820.0
15927.0
15820.0
15927.0
15820.0
15927.0
15820.0
15927.0
15820.0
15927.0
15820.0
15927.0
15820.0
15927.0
15820.0
15927.0
15820.0
15927.0
15820.0
15927.0
15820.0
15926.0
15821.0
15926.0
15821.0
15929.0
15821.0
15929.0
15821.0
15929.0
15821.0
15929.0
15821.0
15929.0
15821.0
15929.0
15821.0
15929.0
15821.0
15925.0
15821.0
15927.0
15821.0
15920.0
15821.0
15920.0
15821.0
15923.0
15821.0
15938.0
15821.0
15937.0
15821.0
15948.0
15821.0
15948.0
15821.0
15943.0
15821.0
15943.0
15821.0
15949.0
15821.0
15957.0
15821.0
15957.0
15821.0
15949.0
15821.0
15948.0
15821.0
15954.0
15821.0
15947.0
15821.0
15955.0
15821.0
15953.0
15821.0
15960.0
15821.0
15960.0
15821.0
15965.0
15821.0
15965.0
15821.0
15958.0
15821.0
15958.0
15821.0
15958.0
15807.0
15958.0
15807.0
15954.0
15807.0
15955.0
15807.0
15958.0
15807.0
15955.0
15807.0
15955.0
15807.0
15955.0
15807.0
15955.0
15807.0
15955.0
15807.0
15955.0
15807.0
15950.0
15807.0
15950.0
15807.0
15950.0
15807.0
15950.0
15807.0
15950.0
15807.0
15950.0
15807.0
15950.0
15807.0
15950.0
15807.0
15950.0
15807.0
15950.0
15807.0
15950.0
15807.0
15950.0
15807.0
15950.0
15807.0
15950.0
15807.0
15950.0
15807.0
15950.0
15807.0
15950.0
15807.0
15950.0
15807.0
15950.0
15807.0
15950.0
15845.0
15950.0
15845.0
15950.0
15845.0
15950.0
15845.0
15950.0
15845.0
15950.0
15845.0
15951.0
15845.0
15951.0
15845.0
15951.0
15845.0
15951.0
15845.0
15951.0
15845.0
15951.0
15845.0
15951.0
15845.0
15951.0
15845.0
15946.0
15845.0
15946.0
15845.0
15942.0
15845.0
15942.0
15845.0
15942.0
15845.0
15954.0
15845.0
15954.0
15845.0
15954.0
15845.0
15954.0
15845.0
15954.0
15845.0
15954.0
15845.0
15954.0
15845.0
15954.0
15845.0
15954.0
15845.0
15954.0
15845.0
15954.0
15845.0
15954.0
15845.0
15954.0
15845.0
15954.0
15845.0
15945.0
15845.0
15949.0
15845.0
15949.0
15845.0
15949.0
15845.0
15949.0
15845.0
15949.0
15845.0
15949.0
15845.0
15949.0
15845.0
15949.0
15845.0
15949.0
15845.0
15949.0
15845.0
15949.0
15845.0
15949.0
15845.0
15962.0
15845.0
15962.0
15845.0
15962.0
15845.0
15962.0
15845.0
15962.0
15845.0
15962.0
15845.0
15962.0
15845.0
15962.0
15845.0
15962.0
15845.0
15962.0
15845.0
15962.0
15845.0
15962.0
15845.0
15962.0
15845.0
15962.0
15845.0
15962.0
15845.0
15962.0
15845.0
15962.0
15845.0
15962.0
15845.0
15962.0
15845.0
15962.0
15845.0
15962.0
15845.0
15962.0
15845.0
15962.0
15845.0
15962.0
15845.0
15962.0
15845.0
15962.0
15845.0
15962.0
15845.0
15962.0
15845.0
15962.0
15845.0
15962.0
15845.0
15962.0
15845.0
15962.0
15845.0
15962.0
15845.0
15962.0
15845.0
15962.0
15845.0
15962.0
15845.0
15962.0
15845.0
15962.0
15845.0
15962.0
15845.0
15962.0
15845.0
15962.0
15845.0
15962.0
15845.0
15962.0
15845.0
15962.0
15845.0
15962.0
15845.0
15962.0
15845.0
15962.0
15845.0
15962.0
15845.0
15962.0
15845.0
15962.0
15845.0
15962.0
15845.0
15962.0
15845.0
15962.0
15845.0
15962.0
15845.0
15962.0
15845.0
15962.0
15845.0
15962.0
15845.0
15962.0
15845.0
15962.0
15845.0
15962.0
15845.0
15962.0
15845.0
15962.0
15845.0
15962.0
15845.0
15962.0
15845.0
15962.0
15845.0
15962.0
15845.0
15962.0
15845.0
15949.0
15845.0
15949.0
15845.0
15949.0
15845.0
15949.0
15845.0
15949.0
15845.0
15949.0
15845.0
15949.0
15845.0
15949.0
15845.0
15949.0
15845.0
15949.0
15845.0
15949.0
15845.0
15949.0
15845.0
15949.0
15845.0
15949.0
15845.0
15949.0
15845.0
15949.0
15845.0
15949.0
15845.0
15949.0
15845.0
15949.0
15845.0
15949.0
15845.0
15949.0
15845.0
15949.0
15845.0
15949.0
15845.0
15949.0
15845.0
15949.0
15845.0
15949.0
15845.0
15949.0
15845.0
15949.0
15845.0
15949.0
15845.0
15949.0
15845.0
15949.0
15845.0
15949.0
15845.0
15949.0
15845.0
15949.0
15845.0
15949.0
15845.0
15949.0
15845.0
15949.0
15845.0
15949.0
15845.0
15949.0
15845.0
15949.0
15845.0
15949.0
15845.0
15949.0
15845.0
15949.0
15845.0
15949.0
15845.0
15949.0
15845.0
15949.0
15845.0
15949.0
15845.0
15949.0
15845.0
15949.0
15845.0
15949.0
15845.0
15949.0
15845.0
15949.0
15845.0
15949.0
15845.0
15949.0
15845.0
15949.0
15845.0
15949.0
15845.0
15949.0
15845.0
15949.0
15845.0
15949.0
15845.0
15949.0
15845.0
15949.0
15845.0
15949.0
15845.0
15949.0
15845.0
15949.0
15845.0
15949.0
15845.0
15949.0
15845.0
15949.0
15845.0
15949.0
15845.0
15949.0
15845.0
15949.0
15845.0
15949.0
15845.0
15949.0
15845.0
15949.0
15845.0
15949.0
15845.0
15949.0
15845.0
15949.0
15845.0
15949.0
15845.0
15949.0
15845.0
15949.0
15845.0
15949.0
15845.0
15949.0
15845.0
15949.0
15845.0
15949.0
15845.0
15949.0
15845.0
15949.0
15845.0
15949.0
15845.0
15949.0
15845.0
15949.0
15845.0
15949.0
15845.0
15949.0
15845.0
15949.0
15845.0
15949.0
15845.0
15949.0
15845.0
15949.0
15845.0
15949.0
15845.0
15949.0
15845.0
15949.0
15845.0
15949.0
15845.0
15949.0
15845.0
15949.0
15845.0
15949.0
15845.0
15949.0
15845.0
15949.0
15845.0
15949.0
15845.0
15949.0
15845.0
15949.0
15845.0
15949.0
15845.0
15949.0
15845.0
15949.0
15845.0
15949.0
15845.0
15949.0
15845.0
15949.0
15845.0
15949.0
15845.0
15949.0
15845.0
15949.0
15845.0
15949.0
15845.0
15949.0
15845.0
15949.0
15845.0
15949.0
15845.0
15949.0
15845.0
15949.0
15845.0
15949.0
15845.0
15949.0
15845.0
15949.0
15845.0
15949.0
15845.0
15949.0
15845.0
15949.0
15845.0
15949.0
15845.0
15949.0
15845.0
15949.0
15845.0
15949.0
15845.0
15949.0
15845.0
15949.0
15845.0
15949.0
15845.0
15949.0
15845.0
15950.0
15845.0
15967.0
15845.0
15968.0
15845.0
15968.0
15845.0
15967.0
15845.0
15965.0
15845.0
15969.0
15845.0
15959.0
15845.0
15959.0
15845.0
15959.0
15845.0
15959.0
15845.0
15959.0
15845.0
15959.0
15845.0
15966.0
15845.0
15959.0
15845.0
15954.0
15845.0
15945.0
15845.0
15953.0
15845.0
15953.0
15845.0
15952.0
15845.0
15945.0
15845.0
15937.0
15845.0
15935.0
15845.0
15935.0
15845.0
15937.0
15845.0
15940.0
15845.0
15939.0
15845.0
15931.0
15845.0
15927.0
15845.0
15927.0
15845.0
15932.0
15845.0
15936.0
15845.0
15924.0
15845.0
15923.0
15845.0
15926.0
15845.0
15945.0
15845.0
15937.0
15845.0
15938.0
15845.0
15938.0
15845.0
15940.0
15845.0
15944.0
15845.0
15944.0
15845.0
15940.0
15845.0
15933.0
15845.0
15933.0
15845.0
15933.0
15845.0
15933.0
15845.0
15933.0
15845.0
15933.0
15845.0
15933.0
15845.0
15933.0
15845.0
15933.0
15845.0
15933.0
15845.0
15933.0
15845.0
15933.0
15845.0
15943.0
15845.0
15943.0
15845.0
15943.0
15845.0
15943.0
15845.0
15943.0
15845.0
15943.0
15845.0
15943.0
15845.0
15943.0
15845.0
15943.0
15845.0
15943.0
15845.0
15943.0
15845.0
15936.0
15845.0
15936.0
15845.0
15936.0
15845.0
15936.0
15845.0
15929.0
15845.0
15929.0
15845.0
15929.0
15845.0
15929.0
15845.0
15929.0
15811.0
15929.0
15811.0
15929.0
15811.0
15929.0
15811.0
15924.0
15811.0
15924.0
15811.0
15924.0
15811.0
15924.0
15811.0
15924.0
15811.0
15924.0
15811.0
15924.0
15811.0
15935.0
15811.0
15935.0
15811.0
15935.0
15811.0
15927.0
15811.0
15927.0
15811.0
15927.0
15811.0
15927.0
15811.0
15927.0
15811.0
15927.0
15811.0
15927.0
15811.0
15912.0
15811.0
15904.0
15811.0
15904.0
15811.0
15904.0
15811.0
15904.0
15811.0
15904.0
15811.0
15904.0
15811.0
15904.0
15811.0
15904.0
15811.0
15901.0
15811.0
15901.0
15811.0
15906.0
15811.0
15906.0
15811.0
15904.0
15811.0
15904.0
15811.0
15904.0
15811.0
15907.0
15811.0
15907.0
15811.0
15907.0
15811.0
15907.0
15811.0
15907.0
15811.0
15907.0
15811.0
15916.0
15811.0
15916.0
15811.0
15916.0
15811.0
15916.0
15811.0
15916.0
15811.0
15916.0
15811.0
15916.0
15811.0
15926.0
15811.0
15926.0
15811.0
15926.0
15811.0
15926.0
15811.0
15926.0
15811.0
15926.0
15811.0
15926.0
15811.0
15926.0
15811.0
15916.0
15811.0
15916.0
15811.0
15914.0
15811.0
15912.0
15811.0
15912.0
15811.0
15912.0
15811.0
15912.0
15811.0
15912.0
15811.0
15912.0
15811.0
15912.0
15811.0
15922.0
15811.0
15922.0
15811.0
15922.0
15811.0
15922.0
15811.0
15922.0
15811.0
15922.0
15811.0
15922.0
15811.0
15922.0
15811.0
15922.0
15811.0
15905.0
15811.0
15905.0
15811.0
15905.0
15811.0
15905.0
15811.0
15905.0
15811.0
15905.0
15811.0
15905.0
15811.0
15905.0
15811.0
15905.0
15811.0
15905.0
15811.0
15905.0
15811.0
15905.0
15811.0
15905.0
15811.0
15905.0
15811.0
15905.0
15811.0
15905.0
15811.0
15905.0
15811.0
15905.0
15811.0
15905.0
15811.0
15905.0
15811.0
15905.0
15811.0
15905.0
15811.0
15905.0
15811.0
15905.0
15811.0
15905.0
15811.0
15905.0
15811.0
15905.0
15811.0
15905.0
15811.0
15905.0
15811.0
15905.0
15811.0
15905.0
15811.0
15905.0
15811.0
15905.0
15811.0
15905.0
15811.0
15905.0
15811.0
15905.0
15811.0
15905.0
15811.0
15905.0
15811.0
15905.0
15811.0
15905.0
15811.0
15905.0
15811.0
15905.0
15811.0
15905.0
15811.0
15905.0
15811.0
15905.0
15811.0
15905.0
15811.0
15905.0
15811.0
15905.0
15811.0
15905.0
15811.0
15905.0
15811.0
15905.0
15811.0
15905.0
15811.0
15905.0
15811.0
15905.0
15811.0
15905.0
15811.0
15905.0
15811.0
15905.0
15811.0
15905.0
15811.0
15905.0
15811.0
15909.0
15811.0
15913.0
15811.0
15902.0
15811.0
15902.0
15788.0
15901.0
15788.0
15904.0
15788.0
15911.0
15788.0
15915.0
15788.0
15911.0
15788.0
15911.0
15788.0
15928.0
15788.0
15919.0
15788.0
15919.0
15788.0
15919.0
15788.0
15919.0
15788.0
15919.0
15788.0
15919.0
15788.0
15919.0
15788.0
15911.0
15788.0
15911.0
15788.0
15911.0
15788.0
15911.0
15788.0
15911.0
15788.0
15911.0
15788.0
15911.0
15788.0
15911.0
15788.0
15911.0
15788.0
15919.0
15788.0
15919.0
15788.0
15920.0
15788.0
15916.0
15788.0
15916.0
15788.0
15916.0
15788.0
15916.0
15788.0
15916.0
15788.0
15916.0
15788.0
15916.0
15788.0
15915.0
15788.0
15910.0
15788.0
15910.0
15788.0
15910.0
15788.0
15910.0
15788.0
15910.0
15788.0
15910.0
15788.0
15910.0
15788.0
15910.0
15788.0
15913.0
15788.0
15913.0
15788.0
15913.0
15788.0
15913.0
15788.0
15913.0
15788.0
15913.0
15788.0
15913.0
15788.0
15913.0
15788.0
15913.0
15788.0
15913.0
15788.0
15913.0
15788.0
15918.0
15788.0
15907.0
15788.0
15907.0
15788.0
15907.0
15788.0
15907.0
15788.0
15907.0
15788.0
15907.0
15788.0
15907.0
15788.0
15920.0
15788.0
15916.0
15788.0
15916.0
15788.0
15916.0
15788.0
15916.0
15788.0
15916.0
15788.0
15916.0
15788.0
15916.0
15788.0
15916.0
15788.0
15916.0
15827.0
15916.0
15827.0
15904.0
15827.0
15904.0
15827.0
15904.0
15827.0
15904.0
15827.0
15904.0
15827.0
15904.0
15827.0
15904.0
15827.0
15904.0
15827.0
15912.0
15827.0
15912.0
15827.0
15912.0
15827.0
15912.0
15827.0
15912.0
15827.0
15912.0
15827.0
15912.0
15827.0
15912.0
15827.0
15912.0
15827.0
15912.0
15827.0
15912.0
15827.0
15912.0
15827.0
15912.0
15827.0
15912.0
15827.0
15912.0
15827.0
15912.0
15827.0
15912.0
15827.0
15912.0
15827.0
15912.0
15827.0
15912.0
15827.0
15912.0
15827.0
15912.0
15827.0
15912.0
15827.0
15912.0
15827.0
15913.0
15827.0
15900.0
15827.0
15901.0
15827.0
15901.0
15827.0
15907.0
15827.0
15907.0
15827.0
15908.0
15827.0
15908.0
15827.0
15908.0
15827.0
15908.0
15827.0
15905.0
15827.0
15905.0
15827.0
15899.0
15827.0
15899.0
15827.0
15900.0
15827.0
15900.0
15827.0
15900.0
15827.0
15900.0
15827.0
15900.0
15827.0
15900.0
15827.0
15898.0
15827.0
15897.0
15827.0
15897.0
15827.0
15897.0
15827.0
15898.0
15827.0
15898.0
15827.0
15898.0
15827.0
15898.0
15827.0
15899.0
15827.0
15899.0
15827.0
15899.0
15827.0
15899.0
15827.0
15895.0
15827.0
15894.0
15827.0
15894.0
15827.0
15898.0
15827.0
15898.0
15827.0
15898.0
15827.0
15898.0
15827.0
15893.0
15827.0
15897.0
15827.0
15897.0
15827.0
15897.0
15827.0
15897.0
15827.0
15897.0
15827.0
15897.0
15827.0
15897.0
15827.0
15897.0
15827.0
15897.0
15827.0
15894.0
15788.0
15895.0
15788.0
15898.0
15788.0
15898.0
15788.0
15890.0
15788.0
15890.0
15788.0
15899.0
15788.0
15899.0
15788.0
15891.0
15788.0
15891.0
15788.0
15891.0
15788.0
15891.0
15788.0
15891.0
15788.0
15891.0
15788.0
15891.0
15788.0
15891.0
15788.0
15891.0
15788.0
15891.0
15788.0
15891.0
15788.0
15891.0
3.0
8.0
15.0
9.0
6.0
-11.0
3.0
10.0
-11.0
23.0
19.0
13.0
8.0
13.0
3.0
-4.0
-10.0
6.0
-8.0
9.0
-11.0
7.0
-5.0
-5.0
4.0
-10.0
4.0
-4.0
12.0
-4.0
4.0
7.0
21.0
-8.0
13.0
18.0
-11.0
-11.0
-9.0
3.0
-16.0
11.0
-12.0
-7.0
-12.0
-7.0
12.0
-23.0
-14.0
8.0
-5.0
36.0
-25.0
5.0
-3.0
7.0
9.0
3.0
4.0
28.0
-11.0
-6.0
17.0
-6.0
-8.0
8.0
4.0
10.0
-9.0
9.0
2.0
-12.0
65.0
5.0
6.0
-11.0
9.0
12.0
9.0
-17.0
-9.0
9.0
8.0
5.0
-4.0
8.0
-4.0
-22.0
-11.0
6.0
4.0
4.0
8.0
10.0
-11.0
48.0
-13.0
8.0
-8.0
-13.0
-10.0
6.0
5.0
-7.0
-3.0
-5.0
-10.0
2.0
5.0
9.0
-9.0
-68.0
14.0
-5.0
-3.0
-9.0
5.0
2.0
34.0
-26.0
-2.0
-12.0
4.0
23.0
-17.0
-2.0
-4.0
-27.0
25.0
16.0
-4.0
-11.0
3.0
8.0
10.0
11.0
-4.0
-5.0
4.0
-3.0
5.0
5.0
-5.0
-5.0
12.0
-3.0
5.0
8.0
-4.0
-5.0
-7.0
-4.0
-7.0
13.0
14.0
4.0
-5.0
14.0
9.0
-10.0
5.0
-9.0
4.0
-6.0
-3.0
32.0
-3.0
26.0
4.0
3.0
3.0
-4.0
8.0
3.0
-9.0
2.0
11.0
17.0
16.0
6.0
-10.0
-7.0
8.0
4.0
22.0
4.0
-9.0
13.0
5.0
6.0
-15.0
12.0
-7.0
9.0
6.0
7.0
-6.0
4.0
-11.0
4.0
-10.0
5.0
9.0
-7.0
3.0
12.0
4.0
-8.0
12.0
17.0
5.0
-4.0
8.0
31.0
9.0
-10.0
-4.0
-5.0
3.0
9.0
8.0
-4.0
6.0
-8.0
7.0
6.0
4.0
-7.0
5.0
-9.0
-29.0
8.0
8.0
-4.0
39.0
-4.0
12.0
-14.0
14.0
18.0
-18.0
-9.0
-9.0
6.0
14.0
12.0
2.0
-3.0
5.0
14.0
19.0
6.0
17.0
7.0
13.0
-15.0
-126.0
155.0
-34.0
30.0
5.0
10.0
-13.0
-5.0
7.0
18.0
10.0
6.0
-9.0
-8.0
-8.0
7.0
7.0
-10.0
9.0
-13.0
-10.0
4.0
5.0
9.0
-12.0
11.0
7.0
-6.0
-8.0
6.0
26.0
-5.0
-5.0
3.0
11.0
-15.0
9.0
-5.0
10.0
3.0
7.0
9.0
4.0
-22.0
-6.0
9.0
3.0
15.0
-16.0
6.0
6.0
-5.0
5.0
-10.0
13.0
-59.0
23.0
11.0
9.0
6.0
6.0
41.0
19.0
-4.0
-6.0
10.0
-4.0
6.0
-7.0
7.0
4.0
-7.0
4.0
10.0
-4.0
12.0
3.0
9.0
-9.0
8.0
8.0
12.0
-5.0
-18.0
6.0
-9.0
7.0
12.0
9.0
6.0
2.0
-11.0
-5.0
-7.0
8.0
18.0
-5.0
13.0
9.0
-10.0
-3.0
13.0
10.0
6.0
-8.0
-6.0
10.0
9.0
-6.0
4.0
8.0
-10.0
4.0
-12.0
7.0
9.0
-20.0
12.0
21.0
18.0
9.0
6.0
-3.0
-3.0
-4.0
18.0
6.0
-7.0
-11.0
20.0
22.0
62.0
15.0
-8.0
-4.0
-9.0
-12.0
-5.0
-5.0
25.0
-12.0
-6.0
-12.0
10.0
-4.0
-5.0
43.0
-10.0
13.0
6.0
7.0
3.0
3.0
3.0
-7.0
7.0
27.0
-6.0
8.0
13.0
23.0
-8.0
-15.0
-5.0
10.0
10.0
4.0
10.0
12.0
4.0
-9.0
9.0
10.0
13.0
16.0
3.0
10.0
11.0
3.0
115.0
-24.0
-16.0
-14.0
61.0
3.0
5.0
3.0
-5.0
-8.0
4.0
-5.0
10.0
10.0
20.0
4.0
-6.0
5.0
4.0
8.0
-9.0
4.0
-10.0
-13.0
6.0
6.0
5.0
-9.0
4.0
9.0
-12.0
7.0
-6.0
5.0
-9.0
-5.0
