0.059791914365096205
0.060917434116072144
0.06213351517316803
0.06324261733026222
0.06473529248711324
0.06595931947958052
0.06707727278688708
0.0681353515580193
0.06912269721345785
0.07040432008665465
0.07122286433055457
0.07198477571420359
0.07253888408720979
0.07313814320641523
0.07361518967723037
0.0739626010148735
0.07428712663033417
0.07461954330674075
0.07495952508990204
0.07527034355128144
0.07556574168672829
0.07587004782040326
0.07612162506741055
0.076292789071997
0.07647609034807148
0.07680649848671967
0.07725643441086127
0.07771107223614662
0.07817040691827823
0.07863443441364286
0.07908461179749644
0.07936242053838152
0.07963046892678657
0.07989471059830766
0.0801182552616154
0.08035069702573504
0.08059166158010031
0.08087955537005494
0.08132907635716347
0.08178427260086066
0.08224509569204028
0.08270529764293717
0.08306884248716565
0.08301933972460165
0.08311619686871495
0.0836643644783981
0.0844672292037032
0.08523485608871882
0.08600442112301702
0.08679733951580096
0.08749709803932512
0.08819890971030739
0.08890259311000641
0.08979494041621404
0.09071460190604924
0.0917130486437012
0.09289304463641104
0.09412607122704413
0.09539715292181176
0.0966501989439619
0.09692753885391432
0.09723175009434515
0.09787532333411575
0.09800344525952738
0.09856748387235395
0.09895701720624711
0.09910806354553205
0.09921638530996188
0.09935780570183791
0.09944589841248389
0.09951756825610394
0.0996163379996737
0.09964492649381403
0.09963759815705284
0.0996950359098378
0.09974728352606303
0.09971038664892799
0.09977980364245456
0.09981952712804852
0.09984753391449741
0.09985430637834694
0.10014633413513331
0.10060683056582084
0.1009056412106825
0.10132378589184649
0.10198732489000503
0.10295972452609257
0.10411915582206577
0.10578318048224777
0.10751222864558722
0.108912053037377
0.10985897827442401
0.1108619857234218
0.1118540128783365
0.11281517689065633
0.11339966808455644
0.11302654046881423
0.1126198149082525
0.11233382508945194
0.11222920550578913
0.11195789318375118
0.11138555083602181
0.11076550370208879
0.11062207404317365
0.1101200682720815
0.10929739971882739
0.10860147989312838
0.10778241860489621
0.10687232339183507
0.10585301303069652
0.1046848933910122
0.10351971966353372
0.10199416763947382
0.09997551983026891
0.09821768604239016
0.0963235113697914
0.0949603885149568
0.0937675346799516
0.09269853685339283
0.09179818212929304
0.09076494669858066
0.0897792479918965
0.08869946383875961
0.08768225590722839
0.0863774199446799
0.08524938915474091
0.08407098829758732
0.08308012052645236
0.08229925025128265
0.08106313500647036
0.08045286538463192
0.07974678153773244
0.0793423562619516
0.07906212212203208
0.07894636843030314
0.07901787962136535
0.07914828852359729
0.07927917086375183
0.07936659559875746
0.0795269455301702
0.07960922276458834
0.0794790556763849
0.07937079835438693
0.07920382897713965
0.07895362101064285
0.07863987327277285
0.07830219711550716
0.07796176929796989
0.07765626884094001
0.07740398160989341
0.07781248796392508
0.07811315365194482
0.07855883389471739
0.07911682691358317
0.07969928194685054
0.08028027912050276
0.08096752227978468
0.08179132774628246
0.08245300619938915
0.083205008645407
0.08392957609143782
0.08495917692326764
0.08572505861183266
0.08681465927134939
0.08793912472883875
0.08849041083178771
0.08852378850119932
0.08886040347370844
0.08942161746679214
0.08982085767280627
0.09059118443260504
0.09129663470084572
0.09177700445947165
0.09205445285913638
0.09229582448602401
0.09244912474270785
0.09259366706655103
0.092737760861515
0.0928007065303502
0.0925875301783893
0.0932120202951512
0.09382417078349474
0.09401517275282724
0.09448818994509896
0.09482548787133574
0.09533728649484985
0.09570873617858666
0.09611037967676547
0.09672762755853542
0.09734417690543971
0.09752407138815199
0.09768945149425419
0.09809975473747828
0.09850334181692412
0.0987971244542571
0.09941154109942318
0.09991276872956091
0.100426948455738
0.10100141652269652
0.10161114350696933
0.10202974131327697
0.10191294274015464
0.10162013210350213
0.10144543293003712
0.101352788103838
0.10116224971540222
0.10043425045064887
0.09935659821292249
0.09768336634163173
0.09609623292389045
0.09462946451896485
0.0937457642540057
0.0929106222186976
0.09204698133067707
0.0912504159173389
0.09022492799173314
0.08909017150621593
0.08794871473957504
0.0867050074093552
0.08550419942866382
0.08437589621538932
0.08340660486384964
0.08256240569915096
0.08174670763503343
0.08095749193941511
0.08023047003543647
0.07936902985187139
0.07889789991675103
0.07860646725276824
0.07845641367578006
0.07801283238584279
0.0773369493081212
0.07710807823630302
0.07711047114120692
0.07732254181019543
0.07753587327103854
0.07751840509458457
0.07745373783304195
0.07739369713607552
0.07737344460068198
0.07753156533182519
0.07764906227285533
0.0778298869662657
0.07808680814376268
0.07830831950817815
0.0785223244642632
0.07903363398482988
0.07952194317686892
0.07992369991329497
0.08044677833360178
0.08066518734499731
0.08097142646829548
0.08119139798625451
0.08129878362772609
0.08135564693261438
0.08143203738217883
0.08149516777260979
0.08151563727637823
0.08164678603351835
0.08170892882616056
0.08181148961585112
0.08241171505114778
0.08312470845310664
0.0838643670875868
0.08448982868823389
0.08511252614934167
0.08547504984022651
0.08608777935010038
0.08676862091185962
0.08737056936992418
0.08728955715381473
0.08742001800475066
0.08741696953752724
0.08724385183412726
0.08691910893472207
0.08658513560058101
0.0862681394302589
0.0859129697629271
0.08578449626090073
0.08563516552665752
0.08536801182688543
0.08474850951959657
0.08441855731619066
0.08394076159291876
0.08372350067527567
0.08363490996260364
0.08323308039046445
0.08269016469282035
0.08198178571172207
0.08142226683450282
0.08058092667747928
0.07978787012537686
0.0792086128813484
0.07862114430583597
0.07803715320655293
0.07745012831320873
0.07682899566756474
0.07618515213779206
0.07549019722567543
0.07482245375999205
0.07429565100670368
0.07352078641001988
0.07259686443670714
0.07156269209133927
0.07060033526810339
0.06976533931254854
0.0692234390549555
0.06858285282745637
0.06753575780101703
0.06664548210228133
0.0663148862633379
0.0660427375903995
0.06543762092315444
0.06488092123194215
0.06434920905289448
0.06352290592854856
0.06282115190112526
0.0619877856280346
0.06108232735929679
0.060149074036720124
0.05942386186822133
0.05887493567093403
0.05843278146865194
0.05804999829894889
0.05752623453904782
0.056906957217241406
0.05654573510771221
0.056507688718869103
0.05669170518918869
0.0569405274898873
0.05706444844029764
0.057084871949935216
0.05709488097632535
0.05714202250627936
0.057130707080575736
0.05724355105232122
0.057715805159897555
0.058257762146427514
0.0587929472706665
0.05930899126697639
0.05985780353370649
0.060430864593048056
0.06098584506636912
0.06132068183975964
0.06179487238673229
0.062245756582068774
0.06276528234470523
0.06274787202803916
0.06263248591895597
0.06243633680356316
0.062388312262099094
0.06246355359490387
0.06247240208344004
0.06248908352877857
0.06231972879309087
0.062132763103937366
0.06213409300041328
0.062094395016095955
0.06205110777358259
0.061993039648366804
0.06183546153131547
0.06170309607545917
0.061591362052583476
0.06147871543462937
0.06121098408993211
0.06118841332339361
0.06149166669359566
0.061755627297554704
0.06185517645461109
0.06199381280660532
0.06227346017907996
0.06269589565796477
0.06302969572985197
0.06328641500439534
0.06353820273057388
0.06376076898712396
0.06399457271701928
0.06431210237668476
0.06465740903037635
0.064799998571927
0.06494349753169415
0.06491014886938064
0.06480848846898814
0.06473218922505813
0.06456756712843453
0.06445260557142726
0.06458402775683504
0.06445803517520449
0.06413672066276188
0.06377635419482167
0.06342747276729815
0.0629650225323942
0.06252191715657739
0.062180550357438066
0.0622403038620346
0.06232733653591783
0.06228012914062873
0.06212234903817045
0.06184493564947605
0.0615088549147035
0.06131587276517237
0.06115475797944552
0.06095203340116282
0.06079115587041447
0.060368701566352
0.05982645776333702
0.059560612384079135
0.05928282752079648
0.059031358731223706
0.05878542379925811
0.05854599958941349
0.05831410708687569
0.05808439270824325
0.05776584994011718
0.0574595756455602
0.057179143238261794
0.05675792156222342
0.05626984591922198
0.05586646586456635
0.05555034845523276
0.055115437544199716
0.054935848657194364
0.054860660812260986
0.05487637853048042
0.05473426818409307
0.05447973891283189
0.054210155496328745
0.054015445971442595
0.054003662420917364
0.053876581710833836
0.05364715382924164
0.053446046068979694
0.05355409948539568
0.053692106653633234
0.053909236981982224
0.054243576263589194
0.05459601362571419
0.05514963490775607
0.05580850304212071
0.05652467699992366
0.05729925624390813
0.0580852080717214
0.058634030827357235
0.059263777016081855
0.059622910034942585
0.05999902194003472
0.06036331608401847
0.06048010572898775
0.06035738794188436
0.05982537492273808
0.059545337142388556
0.059412718093257454
0.05921540527842536
0.0589471687202833
0.05871402024811881
0.05845147337042827
0.057932324895303006
0.05733540868650648
0.05673906892501855
0.05617828785591098
0.05587092250471747
0.055729807054073925
0.055528419820452195
0.055110335022601
0.054743795234249985
0.05454068594657329
0.05477237270015807
0.055324968227160015
0.055864378212528265
0.055990902467750854
0.05619727369498106
0.05664174443361942
0.05694420732270237
0.05721079408541922
0.05745070585472814
0.05771143179539807
0.0579568695580007
0.05823039510599479
0.05850563070133605
0.0587792887081592
0.05905195458644174
0.05932383443927363
0.05949930006951914
0.05963810540226336
0.059896870174265426
0.059915735524462305
0.05949533020808122
0.05902839089247733
0.05867398486866925
0.05831995146790297
0.05845394690077277
0.057944980449588165
0.05749357456006241
0.05723740225976712
0.05694403100565912
0.056495817373224656
0.05601076816389407
0.05545149684453379
0.054771547565162684
0.054278722051546775
0.05381270551568568
0.05326271204976524
0.05266910252678886
0.05207112229457067
0.05205988683052678
0.05182205318438471
0.0513253421011339
0.050774922562244244
0.05103833936594176
0.05126319391313021
0.05131407154808007
0.05136480554915042
0.05138572762927158
0.051404070782530675
0.051075439003623595
0.050718096622873396
0.05037336458154501
0.05004895612335733
0.049765559682678887
0.04939495862634268
0.048971410661946095
0.0485715035407492
0.04821516566052461
0.04784569464091946
0.04737484773588291
0.04725544272550162
0.047328412537265344
0.04723214297729015
0.04705012625426116
0.046868468811962216
0.04667386819652879
0.04649004452026983
0.04631357138185254
0.046255512128360335
0.04616754894452061
0.046046292724760476
0.04605198428708944
0.046176599423730216
0.04633577354652332
0.046481136486998365
0.04660931750365413
0.04670708063728168
0.04670023695683626
0.046742650620657786
0.04693320289222422
0.0471463866734553
0.047355018850145494
0.04757882881691306
0.047764296533436494
0.04784521145981009
0.04792123276438494
0.04791117141285979
0.047815780856251995
0.04770784598831685
0.04740520937596215
0.04699426253336247
0.046574122113863234
0.04606386344768065
0.04548591504966562
0.04484900430576223
0.04413814165131549
0.04331273690397255
0.04264389574059251
0.041992000286311386
0.04159538941342661
0.04119578074528754
0.04079979481406319
0.04046294585014646
0.04012881825789912
0.040180317268026663
0.04022821907205569
0.04026850618219314
0.04036580057673943
0.04052625394610766
0.04066241506056616
0.04084116580019983
0.04101968691661812
0.041404556343851935
0.0419221727789968
0.042361914351156445
0.042328106674913504
0.04228261929152584
0.0419506875015443
0.0418774366404178
0.04191358461072639
0.04193672831449121
0.041498854561629606
0.04198555484396751
0.042511679324057826
0.04349566601698745
0.04455079205632228
0.045361786459586315
0.04618168767635108
0.04699483036622187
0.04755469326750714
0.04827360727560464
0.04907855636819824
0.04987499707192691
0.0506627407283358
0.05148207169464624