215.0
201.0
202.0
209.0
215.0
225.0
218.0
227.0
230.0
253.0
254.0
237.0
270.0
283.0
271.0
256.0
257.0
246.0
278.0
262.0
262.0
274.0
278.0
304.0
304.0
278.0
277.0
270.0
276.0
260.0
247.0
279.0
279.0
272.0
230.0
240.0
240.0
230.0
223.0
232.0
221.0
227.0
226.0
206.0
214.0
220.0
216.0
226.0
227.0
217.0
217.0
234.0
222.0
229.0
231.0
220.0
220.0
226.0
226.0
232.0
226.0
234.0
256.0
237.0
249.0
261.0
263.0
253.0
248.0
258.0
258.0
270.0
266.0
257.0
267.0
258.0
261.0
253.0
261.0
248.0
237.0
243.0
243.0
233.0
233.0
245.0
224.0
230.0
230.0
238.0
244.0
256.0
255.0
232.0
250.0
241.0
260.0
247.0
247.0
263.0
248.0
258.0
248.0
258.0
258.0
244.0
263.0
256.0
256.0
233.0
233.0
252.0
260.0
244.0
258.0
245.0
258.0
245.0
245.0
259.0
236.0
243.0
243.0
212.0
212.0
221.0
221.0
207.0