249.29
249.24083333333334
249.19166666666666
249.1425
249.09333333333333
249.04416666666665
248.995
248.93833333333333
248.89083333333335
248.84333333333333
248.79416666666665
248.745
248.69583333333333
248.64666666666668
248.5975
248.54833333333335
248.49916666666667
248.45
248.40083333333334
248.35166666666666
248.3025
248.25333333333333
248.20416666666668
248.155
248.10666666666665
248.05833333333334
247.99666666666667
247.94666666666666
247.89666666666668
247.835
247.78583333333333
247.73666666666668
247.6875
247.63833333333332
247.58916666666667
247.54
247.49083333333334
247.44166666666666
247.3925
247.34333333333333
247.29416666666665
247.23416666666665
247.17416666666668
247.11416666666668
247.05416666666667
246.99416666666667
246.93416666666667
246.87416666666667
246.81416666666667
246.75416666666666
246.6975
246.64083333333335
246.58416666666668
246.5275
246.47083333333333
246.4225
246.37416666666667
246.3275
246.28083333333333
246.23416666666665
246.17833333333334
246.1225
246.07666666666665
246.03083333333333
245.985
245.93666666666667
245.88833333333332
245.84
245.79166666666666
245.74083333333334
245.69
245.64
245.59
245.54
245.49
245.44416666666666
245.39833333333334
245.3525
245.30666666666667
245.26083333333332
245.215
245.16916666666665
245.12333333333333
245.07666666666665
245.03
244.98333333333332
244.93666666666667
244.89
244.84333333333333
244.79666666666665
244.75
244.70333333333335
244.64583333333334
244.58833333333334
244.53083333333333
244.47333333333333
244.41583333333332
244.35833333333332
244.30083333333334
244.25833333333333
244.21583333333334
244.17333333333335
244.13083333333333
244.08833333333334
244.04583333333332
244.00666666666666
243.9675
243.91833333333332
243.86916666666667
243.83083333333335
243.79333333333332
243.75583333333333
243.71833333333333
243.675
243.63166666666666
243.58833333333334
243.545
243.50166666666667
243.45833333333334
243.415
243.37166666666667
243.33416666666668
243.29833333333335
243.2625
243.22666666666666
243.19083333333333
243.155
243.11916666666667
243.08333333333334
243.0475
243.01166666666666
242.97583333333333
242.93583333333333
242.89583333333334
242.85666666666665
242.8175
242.77833333333334
242.73916666666668
242.7
242.6675
242.635
242.6025
242.57
242.5375
242.505
242.4725
242.43333333333334
242.39416666666668
242.355
242.31583333333333
242.27666666666667
242.2375
242.20583333333335
242.17416666666668
242.1425
242.12
242.10666666666665
242.09333333333333
242.08
242.06666666666666
242.05333333333334
242.04
242.02666666666667
242.01333333333332
242.0
241.98666666666668
241.97333333333333
241.96
241.94666666666666
241.93333333333334
241.92
241.90666666666667
241.89333333333335
241.88
241.86666666666667
241.85333333333332
241.84
241.82666666666665
241.81333333333333
241.8
241.78666666666666
241.77333333333334
241.76
241.74666666666667
241.73333333333332
241.72
241.70666666666668
241.69333333333333
241.68
241.66666666666666
241.65333333333334
241.64
241.62666666666667
241.61333333333334
241.60166666666666
241.59
241.57833333333335
241.56666666666666
241.555
241.54333333333332
241.53166666666667
241.52
241.50833333333333
241.49666666666667
241.485
241.47333333333333
241.46166666666667
241.45
241.43833333333333
241.42666666666668
241.415
241.40333333333334
241.39166666666668
241.38
241.36833333333334
241.35666666666665
241.345
241.33333333333334
241.32166666666666
241.31
241.29833333333335
241.28666666666666
241.275
241.26333333333332
241.25166666666667
241.24
241.2325
241.225
241.2175
241.21
241.2025
241.195
241.1875
241.18
241.1725
241.165
241.1575
241.15
241.1425
241.135
241.1275
241.12
241.1125
241.105
241.0975
241.09
241.0825
241.075
241.0675
241.06
241.0525
241.045
241.0375
241.03
241.01666666666668
241.00333333333333
240.99
240.97666666666666
240.96416666666667
240.95166666666665
240.93916666666667
240.92666666666668
240.91416666666666
240.90166666666667
240.88916666666665
240.87666666666667
240.86416666666668
240.85166666666666
240.83916666666667
240.82666666666665
240.81416666666667
240.80166666666668
240.78916666666666
240.77666666666667
240.76416666666665
240.75166666666667
240.73916666666668
240.72666666666666
240.71416666666667
240.70166666666665
240.68916666666667
240.67666666666668
240.66416666666666
240.65166666666667
240.63916666666665
240.62666666666667
240.61416666666668
240.60166666666666
240.58916666666667
240.57666666666665
240.56416666666667
240.55166666666668
240.53916666666666
240.52666666666667
240.51416666666665
240.50166666666667
240.48916666666668
240.47666666666666
240.46416666666667
240.45166666666665
240.43916666666667
240.42666666666668
240.41416666666666
240.40166666666667
240.38916666666665
240.37666666666667
240.36416666666668
240.35166666666666
240.33916666666667
240.33166666666668
240.32416666666666
240.31666666666666
240.30916666666667
240.30166666666668
240.29416666666665
240.28666666666666
240.28
240.27333333333334
240.26666666666668
240.26
240.25333333333333
240.24666666666667
240.24
240.23333333333332
240.22666666666666
240.22
240.21333333333334
240.20666666666668
240.2
240.19333333333333
240.18666666666667
240.18
240.17333333333335
240.16666666666666
240.16
240.15333333333334
240.1475
240.14166666666668
240.13583333333332
240.13
240.125
240.12
240.115
240.11
240.105
240.1
240.095
240.09
240.085
240.08
240.075
240.07
240.065
240.06
240.055
240.05
240.045
240.04
240.035
240.03
240.025
240.02
240.015
240.01
240.005
240.0
239.995
239.99
239.985
239.98
239.975
239.97
239.965
239.96
239.955
239.95
239.945
239.94
239.9275
239.915
239.9025
239.89
239.8775
239.865
239.8525
239.84
239.8275
239.815
239.8025
239.79
239.7775
239.765
239.7525
239.74
239.7275
239.715
239.7025
239.69
239.6775
239.665
239.6525
239.64
239.6275
239.615
239.6025
239.59
239.5775
239.565
239.5525
239.54
239.5275
239.515
239.5025
239.49
239.4775
239.465
239.4525
239.44
239.4275
239.41333333333333
239.39916666666667
239.385
239.37083333333334
239.35666666666665
239.3425
239.32833333333335
239.31416666666667
239.3
239.2975
239.295
239.2925
239.28333333333333
239.27416666666667
239.27416666666667
239.2675
239.25583333333333
239.245
239.23416666666665
239.2275
239.21083333333334
239.18916666666667
239.1625
239.1375
239.1125
239.0875
239.0625
239.035
239.0075
238.9825
238.955
238.93
238.905
238.87833333333333
238.85166666666666
238.825
238.83166666666668
238.83833333333334
238.845
238.85166666666666
238.85833333333332
238.86416666666668
238.87
238.88083333333333
238.89166666666668
238.9025
238.91333333333333
238.92416666666668
238.935
238.94583333333333
238.95666666666668
238.9675
238.97833333333332
238.98916666666668
239.0
239.01083333333332
239.02166666666668
239.0325
239.04333333333332
239.05416666666667
239.065
239.07583333333332
239.08666666666667
239.0975
239.10833333333332
239.11916666666667
239.13
239.14083333333335
239.15166666666667
239.1625
239.17333333333335
239.18416666666667
239.195
239.20833333333334
239.22083333333333
239.23333333333332
239.24583333333334
239.25333333333333
239.26083333333332
239.26833333333335
239.27583333333334
239.28333333333333
239.29083333333332
239.29833333333335
239.30583333333334
239.31333333333333
239.32083333333333
239.32833333333335
239.33583333333334
239.34333333333333
239.35083333333333
239.35833333333332
239.36583333333334
239.37333333333333
239.38083333333333
239.38833333333332
239.39583333333334
239.40333333333334
239.41083333333333
239.41833333333332
239.42583333333334
239.43333333333334
239.44083333333333
239.44833333333332
239.45583333333335
239.46333333333334
239.47083333333333
239.47833333333332
239.48583333333335
239.49333333333334
239.50083333333333
239.50833333333333
239.52083333333334
239.53333333333333
239.54583333333332
239.55833333333334
239.57083333333333
239.58333333333334
239.59583333333333
239.60833333333332
239.62083333333334
239.63333333333333
239.64583333333334
239.65833333333333
239.67083333333332
239.68333333333334
239.69583333333333
239.70833333333334
239.72083333333333
239.73333333333332
239.7475
239.76166666666666
239.77583333333334
239.79
239.80416666666667
239.81833333333333
239.83333333333334
239.84833333333333
239.86333333333334
239.87833333333333
239.89333333333335
239.90916666666666
239.925
239.94083333333333
239.95166666666665
239.9625
239.97333333333333
239.98416666666665
239.995
240.00583333333333
240.01666666666668
240.0275
240.03833333333333
240.04916666666668
240.06
240.07083333333333
240.08166666666668
240.0925
240.10333333333332
240.11416666666668
240.125
240.13583333333332
240.14666666666668
240.1575
240.16833333333332
240.17916666666667
240.19
240.20083333333332
240.21166666666667
240.2275
240.24333333333334
240.25916666666666
240.275
240.29083333333332
240.31583333333333
240.34166666666667
240.36833333333334
240.395
240.42083333333332
240.44666666666666
240.44583333333333
240.44416666666666
240.44583333333333
240.4475
240.44916666666666
240.45083333333332
240.4525
240.45416666666668
240.45583333333335
240.45416666666668
240.45166666666665
240.44916666666666
240.44666666666666
240.44416666666666
240.44166666666666
240.43916666666667
240.43833333333333
240.4375
240.44083333333333
240.4475
240.45333333333335
240.46583333333334
240.47583333333333
240.48583333333335
240.49583333333334
240.50333333333333
240.51083333333332
240.52416666666667
240.54
240.56083333333333
240.5775
240.59416666666667
240.61083333333335
240.6275
240.64416666666668
240.665
240.67
240.67916666666667
240.68833333333333
240.68916666666667
240.69
240.69083333333333
240.69416666666666
240.70416666666668
240.71416666666667
240.72416666666666
240.73416666666665
240.74416666666667
240.75416666666666
240.7525
240.75083333333333
240.74916666666667
240.7475
240.74583333333334
240.74416666666667
240.7425
240.74083333333334
240.73916666666668
240.75333333333333
240.7675
240.76583333333335
240.76416666666665
240.7625
240.76083333333332
240.76333333333332
240.76583333333335
240.76833333333335
240.77083333333334
240.77333333333334
240.77583333333334
240.77833333333334
240.78083333333333
240.78333333333333
240.78583333333333
240.78833333333333
240.79083333333332
240.79333333333332
240.79583333333332
240.79833333333335
240.80083333333334
240.80333333333334
240.8075
240.81166666666667
240.815
240.81833333333333
240.82166666666666
240.825
240.82833333333335
240.83166666666668
240.83666666666667
240.84166666666667
240.84666666666666
240.85166666666666
240.85666666666665
240.86166666666668
240.86666666666667
240.87166666666667
240.87666666666667
240.88166666666666
240.88666666666666
240.89166666666668
240.89416666666668
240.89666666666668
240.89916666666667
240.90166666666667
240.90416666666667
240.90666666666667
240.91416666666666
240.92166666666665
240.92916666666667
240.93666666666667
240.94416666666666
240.95166666666665
240.95916666666668
240.96666666666667
240.97416666666666
240.9775
240.98083333333332
240.98416666666665
240.9875
240.98416666666665
240.98416666666665
240.98416666666665
240.98416666666665
240.98416666666665
240.98416666666665
240.98416666666665
240.98416666666665
240.98416666666665
240.98416666666665
240.98333333333332
240.9825
240.98166666666665
240.98083333333332
240.98
240.97916666666666
240.975
240.97083333333333
240.96666666666667
240.9625
240.95833333333334
240.9525
240.95333333333335
240.95416666666668
240.955
240.95583333333335
240.95666666666668
240.96416666666667
240.97166666666666
240.9725
240.97333333333333
240.97416666666666
240.975
240.97666666666666
240.97833333333332
240.9775
240.97666666666666
240.97583333333333
240.975
240.97416666666666
240.97333333333333
240.9725
240.97166666666666
240.9725
240.97333333333333
240.97416666666666
240.97583333333333
240.9775
240.98083333333332
240.98416666666665
240.9875
240.99083333333334
240.98916666666668
240.9875
240.98583333333335
240.9825
240.98166666666665
240.98083333333332
240.98
240.97916666666666
240.97833333333332
240.9775
240.97666666666666
240.97583333333333
240.975
240.97416666666666
240.97333333333333
240.97416666666666
240.97083333333333
240.9675
240.96416666666667
240.96083333333334
240.9575
240.95416666666668
240.95083333333332
240.9475
240.95083333333332
240.95416666666668
240.9575
240.95583333333335
240.95416666666668
240.9525
240.95083333333332
240.94916666666666
240.9475
240.94583333333333
240.94416666666666
240.9425
240.94083333333333
240.94583333333333
240.95083333333332
240.95583333333335
240.96083333333334
240.965
240.97583333333333
240.98666666666668
241.01333333333332
241.03333333333333
241.05333333333334
241.08083333333335
241.10833333333332
241.13583333333332
241.16333333333333
241.19083333333333
241.21833333333333
241.24583333333334
241.26
241.27416666666667
241.28833333333333
241.3025
241.31666666666666
241.32583333333332
241.335
241.34416666666667
241.35333333333332
241.3625
241.37166666666667
241.38583333333332
241.4
241.41416666666666
241.42833333333334
241.4425
241.45666666666668
241.465
241.47333333333333
241.48166666666665
241.49
241.50166666666667
241.51333333333332
241.525
241.53666666666666
241.54833333333335
241.56083333333333
241.57333333333332
241.5875
241.60083333333333
241.61416666666668
241.6275
241.64083333333335
241.65416666666667
241.6725
241.69
241.71083333333334
241.73166666666665
241.7525
241.77333333333334
241.79416666666665
241.815
241.83583333333334
241.85666666666665
241.8775
241.89833333333334
241.91916666666665
241.94
241.96083333333334
241.98166666666665
242.00916666666666
242.03666666666666
242.0825
242.12833333333333
242.17416666666668
242.22
242.26583333333335
242.31166666666667
242.36083333333335
242.41
242.45916666666668
242.50833333333333
242.5575
242.60416666666666
242.65083333333334
242.6975
242.73916666666668
242.78083333333333
242.8225
242.86416666666668
242.90083333333334
242.9375
242.97416666666666
243.01666666666668
243.06333333333333
243.11
243.15666666666667
243.205
243.25333333333333
243.30166666666668
243.34416666666667
243.36833333333334
243.40583333333333
243.42833333333334
243.45083333333332
243.47333333333333
243.49583333333334
243.51833333333335
243.54083333333332
243.56333333333333
243.5825
243.59333333333333
243.60416666666666
243.615
243.625
243.635
243.645
243.655
243.67166666666665
243.68833333333333
243.705
243.72166666666666
243.73833333333334
243.75666666666666
243.775
243.79333333333332
243.81166666666667
243.83
243.84833333333333
243.865
243.88166666666666
243.89833333333334
243.915
243.93166666666667
243.94833333333332
243.965
243.98166666666665
243.99833333333333
244.015
244.03166666666667
244.04833333333335
244.06833333333333
244.08833333333334
244.10833333333332
244.12833333333333
244.14833333333334
244.16833333333332
244.19166666666666
244.21333333333334
244.235
244.25666666666666
244.28583333333333
244.34416666666667
244.40333333333334
244.46
244.5175
244.5725
244.6275
244.6875
244.7475
244.80833333333334
244.87
244.93083333333334
244.99166666666667
245.0525
245.11333333333334
245.17333333333335
245.23333333333332
245.29666666666665
245.3575
245.41833333333332
245.47916666666666
245.54
245.605
245.67
245.735
245.8
245.865
245.93
245.995
246.06
246.125
246.19
246.255
246.32
246.385
246.45
246.515
246.58
246.645
246.71
246.775
246.84
246.87916666666666
246.92
246.965
247.02666666666667
247.08833333333334
247.15083333333334
247.21333333333334
247.27416666666667
247.335
247.39583333333334
247.45666666666668
247.5175
247.57833333333335
247.64
247.70166666666665
247.76333333333332
247.82416666666666
247.8825
247.94083333333333
247.995
248.05166666666668
248.10833333333332
248.165
248.2225
248.28
248.33666666666667
248.39333333333335
248.45
248.50666666666666
248.56333333333333
248.61
248.66166666666666
248.71333333333334
248.765
248.81666666666666
248.86833333333334
248.92
248.97166666666666
249.02333333333334
249.075
249.12583333333333
249.17666666666668
249.2225
249.2675
249.3125
249.3575
249.40166666666667
249.45166666666665
249.50833333333333
249.565
249.62166666666667
249.68
249.73833333333334
249.79666666666665
249.855
249.91333333333333
249.97166666666666
250.03
250.08833333333334
250.14666666666668
250.205
250.26333333333332
250.3275
250.38833333333332
250.45083333333332
250.51083333333332
250.57083333333333
250.63083333333333
250.69083333333333
250.75083333333333
250.815
250.87916666666666
250.94333333333333
251.00333333333333
251.0575
251.11166666666668
251.16583333333332
251.22
251.27416666666667
251.32833333333335
251.38583333333332
251.44333333333333
251.50083333333333
251.55833333333334
251.61083333333335
251.66333333333333
251.71583333333334
251.76833333333335
251.82083333333333
251.87333333333333
251.92583333333334
251.97833333333332
252.03083333333333
252.08333333333334
252.13583333333332
252.18833333333333
252.24083333333334
252.29333333333332
252.34916666666666
252.405
252.46166666666667
252.5175
252.57333333333332
252.6325
252.69166666666666
252.75
252.80833333333334
252.87333333333333
252.93833333333333
253.00333333333333
253.06833333333333
253.13583333333332
253.20083333333332
253.26583333333335
253.33166666666668
253.3975
253.46333333333334
253.52916666666667
253.595
253.6625
253.73583333333335
253.80916666666667
253.87583333333333
253.9375
253.99916666666667
254.07083333333333
254.1325
254.185
254.23666666666668
254.28833333333333
254.34
254.39166666666668
254.44333333333333
254.495
254.5525
254.615
254.6775
254.74
254.8025
254.86583333333334
254.92666666666668
254.9875
255.05
255.10083333333333
255.14583333333334
255.19083333333333
255.23583333333335
255.28083333333333
255.32583333333332
255.3725
255.41916666666665
255.46583333333334
255.52083333333334
255.57583333333332
255.63083333333333
255.68583333333333
255.74083333333334
255.79583333333332
255.835
255.88583333333332
255.93666666666667
255.98083333333332
256.02416666666664
256.0725
256.1175
256.1625
256.20166666666665
256.235
256.2683333333333
256.3016666666667
256.335
256.3691666666667
256.4075
256.45
256.49
256.53
256.56166666666667
256.5933333333333
256.625
256.6566666666667
256.68833333333333
256.72
256.75416666666666
256.78833333333336
256.8225
256.8566666666667
256.8908333333333
256.9266666666667
256.9625
256.99
257.0175
257.045
257.0725
257.1
257.1275
257.155
257.1825
257.2125
257.2425
257.2725
257.3025
257.3325
257.3625
257.395
257.4275
257.46
257.4925
257.525
257.5575
257.5975
257.62833333333333
257.6591666666667
257.6958333333333
257.7325
257.7725
257.8125
257.8525
257.8925
257.9325
257.9725
258.0125
258.0525
258.0925
258.1325
258.1725
258.2125
258.2525
258.2925
258.34583333333336
258.3875
258.4291666666667
258.4825
258.5233333333333
258.56416666666667
258.6041666666667
258.64416666666665
258.68416666666667
258.7241666666667
258.76416666666665
258.8041666666667
258.8441666666667
258.88416666666666
258.9241666666667
258.975
259.0175
259.06
259.1025
259.145
259.1875
259.23
259.2725
259.315
259.3575
259.4
259.4425
259.485
259.5275
259.56166666666667
259.59583333333336
259.62833333333333
259.66083333333336
259.69916666666666
259.74666666666667
259.7941666666667
259.83166666666665
259.8691666666667
259.9066666666667
259.9458333333333
259.985
260.02416666666664
260.06333333333333
260.105
260.14666666666665
260.1875
260.22833333333335
260.26916666666665
260.31
260.3466666666667
260.3775
260.40833333333336
260.43916666666667
260.47
260.50083333333333
260.5316666666667
260.5625
260.5941666666667
260.62583333333333
260.6575
260.69
260.7225
260.755
260.7875
260.82416666666666
260.86083333333335
260.90833333333336
260.9558333333333
261.00333333333333
261.05083333333334
261.09833333333336
261.1458333333333
261.1933333333333
261.22583333333336
261.2583333333333
261.28583333333336
261.31416666666667
261.3425
261.37083333333334
261.3958333333333
261.42083333333335
261.4558333333333
261.49083333333334
261.515
261.53833333333336
261.56166666666667
261.5908333333333
261.62583333333333
261.66083333333336
261.6958333333333
261.73083333333335
261.7658333333333
261.80083333333334
261.8358333333333
261.87083333333334
261.9075
261.9425
261.97083333333336
261.9941666666667
262.0175
262.04083333333335
262.06416666666667
262.0875
262.11083333333335
262.13416666666666
262.1575
262.185
262.215
262.23583333333335
262.25666666666666
262.2775
262.29833333333335
262.31916666666666
262.3333333333333
262.3491666666667
262.365
262.3808333333333
262.39666666666665
262.4125
262.42833333333334
262.45666666666665
262.4775
262.49833333333333
262.51916666666665
262.54
262.57
262.61
262.65
262.69
262.72083333333336
262.7425
262.76416666666665
262.78583333333336
262.8075
262.82916666666665
262.85083333333336
262.8725
262.89416666666665
262.91583333333335
262.9375
262.95916666666665
262.98083333333335
263.0025
263.02416666666664
263.04583333333335
263.0675
263.08916666666664
263.1125
263.1358333333333
263.1591666666667
263.1825
263.2058333333333
263.225
263.2441666666667
263.2633333333333
263.2825
263.3016666666667
263.3208333333333
263.34
263.3591666666667
263.3833333333333
263.4075
263.4316666666667
263.4558333333333
263.48
263.50416666666666
263.5283333333333
263.5525
263.57666666666665
263.60083333333336
263.625
263.64666666666665
263.66833333333335
263.69
263.71166666666664
263.73333333333335
263.755
263.77666666666664
263.79833333333335
263.82
263.84166666666664
263.86333333333334
263.885
263.9066666666667
263.9225
263.93833333333333
263.95416666666665
263.97
263.98583333333335
264.00166666666667
264.0175
264.035
264.0525
264.07
264.0875
264.105
264.1225
264.14
264.1575
264.175
264.1925
264.21
264.22583333333336
264.2416666666667
264.2575
264.2733333333333
264.2891666666667
264.305
264.3208333333333
264.33666666666664
264.3525
264.36833333333334
264.38416666666666
264.4
264.41583333333335
264.4316666666667
264.4475
264.4633333333333
264.47583333333336
264.48833333333334
264.50083333333333
264.5133333333333
264.5258333333333
264.53833333333336
264.55083333333334
264.56333333333333
264.5758333333333
264.5883333333333
264.60083333333336
264.61333333333334
264.62583333333333
264.6383333333333
264.65
264.6558333333333
264.6616666666667
264.6675
264.67333333333335
264.6791666666667
264.685
264.69083333333333
264.69666666666666
264.7025
264.7083333333333
264.71416666666664
264.72
264.72583333333336
264.7316666666667
264.7375
264.74333333333334
264.74916666666667
264.755
264.7608333333333
264.76666666666665
264.7725
264.7783333333333
264.7841666666667
264.79
264.79583333333335
264.8016666666667
264.8075
264.81083333333333
264.81416666666667
264.8175
264.8208333333333
264.82416666666666
264.8275
264.8308333333333
264.83416666666665
264.8375
264.8408333333333
264.8441666666667
264.8475
264.85083333333336
264.8541666666667
264.83416666666665
264.8233333333333
264.8125
264.8016666666667
264.79083333333335
264.78
264.7608333333333
264.7416666666667
264.7225
264.7108333333333
264.69916666666666
264.6875
264.67583333333334
264.6641666666667
264.6525
264.6408333333333
264.62916666666666
264.6175
264.60583333333335
264.5941666666667
264.5825
264.5708333333333
264.55916666666667
264.5475
264.52916666666664
264.5108333333333
264.4925
264.4741666666667
264.4558333333333
264.4375
264.4191666666667
264.4008333333333
264.3825
264.3641666666667
264.34583333333336
264.3275
264.30916666666667
264.2891666666667
264.26916666666665
264.24916666666667
264.2266666666667
264.2125
264.1983333333333
264.18416666666667
264.17
264.1558333333333
264.13
264.1041666666667
264.0783333333333
264.0525
264.02666666666664
264.00083333333333
263.9825
263.96416666666664
263.9458333333333
263.9275
263.9091666666667
263.8908333333333
263.8725
263.8541666666667
263.8358333333333
263.8125
263.7891666666667
263.7658333333333
263.7425
263.7191666666667
263.6958333333333
263.6725
263.64916666666664
263.62583333333333
263.59833333333336
263.5708333333333
263.54333333333335
263.51416666666665
263.485
263.4558333333333
263.4266666666667
263.40416666666664
263.38166666666666
263.3591666666667
263.33666666666664
263.31416666666667
263.2916666666667
263.26916666666665
263.24666666666667
263.2241666666667
263.20166666666665
263.1791666666667
263.1558333333333
263.1325
263.1091666666667
263.0875
263.06583333333333
263.0391666666667
263.0125
262.98583333333335
262.95916666666665
262.9325
262.9058333333333
262.87916666666666
262.8525
262.8258333333333
262.8025
262.7775
262.7525
262.7275
262.7025
262.6775
262.6525
262.63
262.60833333333335
262.5725
262.5366666666667
262.50083333333333
262.465
262.4291666666667
262.3933333333333
262.3575
262.3275
262.2975
262.2675
262.2375
262.2108333333333
262.18833333333333
262.16583333333335
262.1433333333333
262.12083333333334
262.0908333333333
262.06083333333333
262.0308333333333
262.00083333333333
261.9775
261.955
261.92333333333335
261.8983333333333
261.87833333333333
261.8575
261.83666666666664
261.81166666666667
261.7966666666667
261.7816666666667
261.77166666666665
261.76
261.74833333333333
261.7366666666667
261.725
261.7158333333333
261.70666666666665
261.695
261.68583333333333
261.675
261.6641666666667
261.655
261.6458333333333
261.63916666666665
261.60083333333336
261.5625
261.52416666666664
261.48583333333335
261.4475
261.41
261.3725
261.335
261.2975
261.2625
261.2266666666667
261.19083333333333
261.155
261.1191666666667
261.0825
261.0416666666667
261.0
260.9583333333333
260.9166666666667
260.875
260.8333333333333
260.7875
260.74333333333334
260.69
260.63666666666666
260.5833333333333
260.53
260.4766666666667
260.42333333333335
260.37333333333333
260.3233333333333
260.2733333333333
260.22333333333336
260.1766666666667
260.13
260.0833333333333
260.0366666666667
259.9875
259.93833333333333
259.88916666666665
259.84
259.79583333333335
259.75166666666667
259.7075
259.66333333333336
259.615
259.56666666666666
259.51666666666665
259.4608333333333
259.405
259.3491666666667
259.2975
259.24833333333333
259.19916666666666
259.15
259.09833333333336
259.0466666666667
258.995
258.94416666666666
258.8933333333333
258.8425
258.7916666666667
258.74083333333334
258.6958333333333
258.6508333333333
258.60583333333335
258.56083333333333
258.51666666666665
258.4725
258.42833333333334
258.38416666666666
258.34
258.29583333333335
258.25166666666667
258.2075
258.16333333333336
258.1141666666667
258.065
258.0158333333333
257.96666666666664
257.9175
257.86833333333334
257.81916666666666
257.77
257.72083333333336
257.6716666666667
257.6225
257.5733333333333
257.52416666666664
257.475
257.42583333333334
257.37666666666667
257.3275
257.2783333333333
257.2275
257.1766666666667
257.12583333333333
257.075
257.02416666666664
256.97333333333336
256.9216666666667
256.87
256.8183333333333
256.76666666666665
256.715
256.6625
256.61
256.55583333333334
256.50166666666667
256.4475
256.3933333333333
256.33916666666664
256.285
256.23083333333335
256.1766666666667
256.1225
256.0683333333333
256.01416666666665
255.96
255.90583333333333
255.85166666666666
255.7975
255.74333333333334
255.68916666666667
255.63583333333332
255.5825
255.52916666666667
255.47583333333333
255.4225
255.36916666666667
255.31583333333333
255.2625
255.20916666666668
255.15083333333334
255.0925
255.03416666666666
254.97666666666666
254.91916666666665
254.85833333333332
254.79666666666665
254.74166666666667
254.68666666666667
254.62833333333333
254.57
254.53833333333333
254.5075
254.47333333333333
254.43916666666667
254.405
254.37083333333334
254.33666666666667
254.30333333333334
254.27166666666668
254.24333333333334
254.215
254.18666666666667
254.15833333333333
254.13
254.10166666666666
254.07166666666666
254.04
254.00666666666666
253.97
253.93
253.89083333333335
253.845
253.80333333333334
253.76166666666666
253.72
253.68083333333334
253.64166666666668
253.59666666666666
253.54916666666668
253.50333333333333
253.46416666666667
253.425
253.38583333333332
253.34666666666666
253.3075
253.26416666666665
253.23666666666668
253.205
253.17333333333335
253.14166666666668
253.11
253.07416666666666
253.03416666666666
252.9875
252.94083333333333
252.905
252.86916666666667
252.83333333333334
252.79
252.75833333333333
252.72666666666666
252.695
252.66333333333333
252.63166666666666
252.6
252.56833333333333
252.53666666666666
252.505
252.4575
252.41166666666666
252.3875
252.36333333333334
252.33916666666667
252.315
252.29083333333332
252.26666666666668
252.2425
252.21833333333333
252.19416666666666
252.17
252.14666666666668
252.12333333333333
252.1
252.07666666666665
252.05333333333334
252.03
252.00666666666666
251.98333333333332
251.96
251.92833333333334
251.89666666666668
251.86333333333334
251.83
251.7975
251.765
251.7325
251.7
251.6675
251.635
251.6025
251.57
251.5375
251.505
251.4725
251.44
251.4075
251.375
251.3425
251.31
251.2775
251.245
251.215
251.185
251.16916666666665
251.15333333333334
251.1375
251.12166666666667
251.10083333333333
251.08
251.05916666666667
251.03833333333333
251.0175
250.99666666666667
250.97583333333333
250.955
250.93416666666667
250.9175
250.90083333333334
250.87416666666667
250.8475
250.82583333333332
250.80083333333334
250.77583333333334
250.75083333333333
250.73166666666665
250.7125
250.69333333333333
250.67416666666668
250.655
250.63583333333332
250.61666666666667
250.5975
250.57833333333335
250.55916666666667
250.54
250.52083333333334
250.505
250.48916666666668
250.47333333333333
250.4575
250.44166666666666
250.42916666666667
250.41
250.39083333333335
250.37166666666667
250.3525
250.33333333333334
250.31416666666667
250.295
250.26666666666668
250.23833333333334
250.21
250.18166666666667
250.15333333333334
250.125
250.09916666666666
250.07333333333332
250.0475
250.02166666666668
249.99583333333334
249.97
249.94416666666666
249.91833333333332
249.8925
249.86666666666667
249.85166666666666
249.83666666666667
249.81333333333333
249.78833333333333
249.76333333333332
249.73833333333334
249.71333333333334
249.68833333333333
249.66333333333333
249.63833333333332
249.615
249.59166666666667
249.56833333333333
249.545
249.52166666666668
249.49833333333333
249.475
249.45166666666665
249.4275
249.40333333333334
249.37916666666666
249.355
249.33083333333335
249.30666666666667
249.28083333333333
249.255
249.22916666666666
249.20333333333335
249.17666666666668
249.15
249.12333333333333
249.10166666666666
249.075
249.04833333333335
249.02166666666668
249.00083333333333
248.98
248.95916666666668
248.93833333333333
248.9175
248.89666666666668
248.87583333333333
248.855
248.83416666666668
248.81333333333333
248.7925
248.77166666666668
248.75083333333333
248.73
248.7025
248.675
248.63166666666666
248.59833333333333
248.56583333333333
248.52666666666667
248.4875
248.44833333333332
248.40583333333333
248.36333333333334
248.32083333333333
248.27833333333334
248.24916666666667
248.22
248.19083333333333
248.16166666666666
248.1325
248.1075
248.0825
248.0575
248.0325
248.0075
247.9825
247.9575
247.9325
247.9075
247.8825
247.8575
247.8325
247.8075
247.7775
247.7475
247.7175
247.68416666666667
247.65083333333334
247.6175
247.58416666666668
247.55083333333334
247.51583333333335
247.48083333333332
247.44416666666666
247.4075
247.37083333333334
247.33416666666668
247.2975
247.26083333333332
247.21916666666667
247.18416666666667
247.14583333333334
247.1075
247.06916666666666
247.03083333333333
246.9925
246.95416666666668
246.91583333333332
246.8775
246.83916666666667
246.8025
246.76583333333335
246.72916666666666
246.6925
246.65583333333333
246.61916666666667
246.5825
246.52416666666667
246.46583333333334
246.40666666666667
246.3475
246.28833333333333
246.22916666666666
246.17
246.11083333333335
246.05166666666668
245.9925
245.93333333333334
245.87416666666667
245.815
245.75583333333333
245.69666666666666
245.6375
245.57833333333335
245.51916666666668
245.465
245.41083333333333
245.35666666666665
245.3025
245.24416666666667
245.18583333333333
245.1275
245.06916666666666
245.01333333333332
244.9575
244.9075
244.8575
244.8075
244.7725
244.7375
244.7025
244.6675
244.6325
244.5975
244.5625
244.5275
244.4925
244.4575
244.4225
244.38833333333332
244.35333333333332
244.31833333333333
244.28333333333333
244.24833333333333
244.21333333333334
244.17833333333334
244.14333333333335
244.10916666666665
244.075
244.04083333333332
244.00666666666666
243.9725
243.93833333333333
243.90416666666667
243.87
243.83583333333334
243.80166666666668
243.7675
243.73333333333332
243.69916666666666
243.665
243.63083333333333
243.59666666666666
243.5625
243.52833333333334
243.49416666666667
243.46
243.41833333333332
243.37416666666667
243.34
243.30583333333334
243.27166666666668
243.23416666666665
243.19666666666666
243.15916666666666
243.12166666666667
243.0875
243.0525
243.0175
242.9825
242.9475
242.91416666666666
242.88166666666666
242.845
242.80833333333334
242.77166666666668
242.73916666666668
242.70666666666668
242.67416666666668
242.64416666666668
242.61416666666668
242.585
242.55583333333334
242.52333333333334
242.49333333333334
242.46333333333334
242.43333333333334
242.40333333333334
242.3625
242.32166666666666
242.28083333333333
242.24
242.19916666666666
242.16
242.12083333333334
242.0825
242.04416666666665
242.00583333333333
241.9675
241.92916666666667
241.89083333333335
241.8525
241.80916666666667
241.76916666666668
241.72916666666666
241.68916666666667
241.64916666666667
241.60916666666665
241.56916666666666
241.52916666666667
241.48916666666668
241.44916666666666
241.40916666666666
241.36916666666667
241.33
241.295
241.26
241.225
241.19
241.155
241.12
241.085
241.05
241.015
240.98083333333332
240.94916666666666
240.9175
240.88583333333332
240.855
240.82416666666666
240.79333333333332
240.7625
240.735
240.70833333333334
240.68166666666667
240.655
240.62833333333333
240.60166666666666
240.575
240.54333333333332
240.50333333333333
240.46333333333334
240.4225
240.38166666666666
240.34083333333334
240.3
240.25916666666666
240.21833333333333
240.1775
240.1425
240.1125
240.0825
240.0525
240.0225
239.9925
239.9625
239.93583333333333
239.90916666666666
239.8825
239.85583333333332
239.82916666666668
239.8025
239.77583333333334
239.74916666666667
239.7225
239.69583333333333
239.66916666666665
239.6375
239.60583333333332
239.57416666666666
239.53916666666666
239.50416666666666
239.46916666666667
239.43416666666667
239.39916666666667
239.36416666666668
239.32916666666668
239.29416666666665
239.25916666666666
239.22416666666666
239.18916666666667
239.15416666666667
239.135
239.11583333333334
239.09666666666666
239.0775
239.05833333333334
239.03916666666666
239.01666666666668
238.99416666666667
238.97166666666666
238.94916666666666
238.93166666666667
238.91416666666666
238.89666666666668
238.87916666666666
238.86166666666668
238.84416666666667
238.82666666666665
238.80916666666667
238.79166666666666
238.77416666666667
238.75666666666666
238.73916666666668
238.72166666666666
238.70416666666668
238.68666666666667
238.675
238.66333333333333
238.6525
238.64166666666668
238.63083333333333
238.615
238.5925
238.56583333333333
238.53333333333333
238.50083333333333
238.46833333333333
238.43583333333333
238.40333333333334
238.37083333333334
238.33833333333334
238.30583333333334
238.27333333333334
238.24083333333334
238.20833333333334
238.17583333333334
238.14166666666668
238.1075
238.07333333333332
238.03916666666666
238.0075
237.97583333333333
237.94416666666666
237.9225
237.90083333333334
237.87916666666666
237.8575
237.83583333333334
237.81416666666667
237.7925
237.77083333333334
237.75
237.72916666666666
237.70833333333334
237.6875
237.66666666666666
237.64583333333334
237.6275
237.60916666666665
237.58916666666667
237.57416666666666
237.57083333333333
237.5675
237.56416666666667
237.56083333333333
237.5575
237.55416666666667
237.55083333333334
237.5475
237.54416666666665
237.54083333333332
237.5375
237.53416666666666
237.53083333333333
237.5275
237.52416666666667
237.52083333333334
237.5175
237.50666666666666
237.49666666666667
237.48916666666668
237.48166666666665
237.47416666666666
237.46666666666667
237.45916666666668
237.45166666666665
237.44416666666666
237.43666666666667
237.42833333333334
237.42
237.41166666666666
237.40583333333333
237.4
237.39416666666668
237.38833333333332
237.3825
237.37666666666667
237.37083333333334
237.365
237.35916666666665
237.35333333333332
237.3475
237.34166666666667
237.33583333333334
237.32833333333335
237.32083333333333
237.31333333333333
237.30583333333334
237.29833333333335
237.29083333333332
237.28333333333333
237.27583333333334
237.26833333333335
237.26083333333332
237.25333333333333
237.24583333333334
237.23833333333334
237.23083333333332
237.22666666666666
237.2225
237.21583333333334
237.20833333333334
237.20083333333332
237.19333333333333
237.18583333333333
237.17833333333334
237.17083333333332
237.16333333333333
237.15583333333333
237.14416666666668
237.1325
237.1175
237.1025
237.0875
237.0725
237.05833333333334
237.04416666666665
237.02583333333334
237.0075
236.98916666666668
236.97583333333333
236.9625
236.94916666666666
236.93583333333333
236.9225
236.90916666666666
236.89583333333334
236.8825
236.86916666666667
236.85583333333332
236.8425
236.83
236.8175
236.805
236.7925
236.78
236.76833333333335
236.75666666666666
236.745
236.73333333333332
236.72166666666666
236.71916666666667
236.71666666666667
236.71416666666667
236.71166666666667
236.70916666666668
236.70666666666668
236.70416666666668
236.70166666666665
236.69916666666666
236.69666666666666
236.69416666666666
236.69166666666666
236.68916666666667
236.68666666666667
236.68416666666667
236.68166666666667
236.67916666666667
236.67083333333332
236.66416666666666
236.6575
236.65083333333334
236.64416666666668
236.6375
236.6325
236.6275
236.6225
236.6175
236.6125
236.6075
236.6025
236.5975
236.5925
236.58916666666667
236.58583333333334
236.58833333333334
236.59083333333334
236.59333333333333
236.59583333333333
236.59833333333333
236.60083333333333
236.60333333333332
236.60583333333332
236.60833333333332
236.61166666666668
236.61416666666668
236.61666666666667
236.61916666666667
236.62166666666667
236.62
236.61666666666667
236.61333333333334
236.61
236.60666666666665
236.60333333333332
236.6
236.59666666666666
236.59333333333333
236.59
236.58333333333334
236.58166666666668
236.57916666666668
236.57666666666665
236.57416666666666
236.57166666666666
236.56916666666666
236.56666666666666
236.56416666666667
236.56166666666667
236.55916666666667
236.55666666666667
236.54833333333335
236.54
236.53166666666667
236.52333333333334
236.51083333333332
236.49833333333333
236.48583333333335
236.47333333333333
236.46083333333334
236.44083333333333
236.42083333333332
236.4075
236.40333333333334
236.39916666666667
236.395
236.39083333333335
236.38666666666666
236.3825
236.37833333333333
236.37416666666667
236.37
236.36333333333334
236.36583333333334
236.36833333333334
236.37083333333334
236.37333333333333
236.37583333333333
236.37833333333333
236.37916666666666
236.38
236.38083333333333
236.38166666666666
236.3825
236.38333333333333
236.37833333333333
236.38083333333333
236.38333333333333
236.38583333333332
236.3925
236.39
236.37
236.35
236.32583333333332
236.30166666666668
236.2775
236.25333333333333
236.22916666666666
236.205
236.18083333333334
236.15666666666667
236.1325
236.11083333333335
236.08916666666667
236.0675
236.04666666666665
236.02583333333334
236.005
235.9825
235.96
235.9375
235.915
235.89083333333335
235.86666666666667
235.84083333333334
235.815
235.78916666666666
235.7675
235.74583333333334
235.72416666666666
235.7025
235.68083333333334
235.6625
235.64416666666668
235.62583333333333
235.6025
235.57916666666668
235.55583333333334
235.5325
235.50916666666666
235.48583333333335
235.4625
235.43916666666667
235.41583333333332
235.3925
235.36916666666667
235.345
235.32083333333333
235.29666666666665
235.2725
235.24833333333333
235.22416666666666
235.2
235.17583333333334
235.15166666666667
235.1275
235.09833333333333
235.08333333333334
235.06833333333333
235.05916666666667
235.05
235.04083333333332
235.03
235.01916666666668
235.00833333333333
234.9975
234.985
234.9725
234.96
234.95083333333332
234.94166666666666
234.9325
234.92333333333335
234.91416666666666
234.90666666666667
234.89916666666667
234.89
234.8825
234.875
234.8675
234.86416666666668
234.86083333333335
234.8575
234.85416666666666
234.8425
234.83083333333335
234.81916666666666
234.8075
234.79583333333332
234.78416666666666
234.7725
234.76083333333332
234.74916666666667
234.74083333333334
234.7325
234.72416666666666
234.715
234.7025
234.69
234.6775
234.665
234.65
234.64166666666668
234.63333333333333
234.625
234.61666666666667
234.60833333333332
234.6
234.58916666666667
234.57833333333335
234.5675
234.55666666666667
234.54583333333332
234.535
234.52416666666667
234.51333333333332
234.5025
234.49166666666667
234.48083333333332
234.47
234.45916666666668
234.44833333333332
234.44583333333333
234.44333333333333
234.44083333333333
234.43833333333333
234.43583333333333
234.43333333333334
234.43083333333334
234.42833333333334
234.42583333333334
234.42333333333335
234.42083333333332
234.41833333333332
234.41583333333332
234.41583333333332
234.41583333333332
234.41583333333332
234.41583333333332
234.41583333333332
234.41583333333332
234.415
234.415
234.415
234.41416666666666
234.41333333333333
234.4125
234.41166666666666
234.41083333333333
234.43333333333334
234.44666666666666
234.46
234.47333333333333
234.48666666666668
234.5
234.52166666666668
234.54333333333332
234.565
234.57916666666668
234.59583333333333
234.6125
234.62916666666666
234.64583333333334
234.6625
234.67916666666667
234.69583333333333
234.7125
234.73
234.7475
234.765
234.7825
234.79916666666668
234.81583333333333
234.84
234.86416666666668
234.88833333333332
234.9125
234.93666666666667
234.96083333333334
234.985
235.00916666666666
235.03333333333333
235.0575
235.08166666666668
235.10583333333332
235.13
235.15166666666667
235.17333333333335
235.195
235.21916666666667
235.235
235.25083333333333
235.26666666666668
235.28333333333333
235.3
235.32833333333335
235.35666666666665
235.385
235.41
235.435
235.4625
235.4825
235.5025
235.5225
235.54333333333332
235.56416666666667
235.585
235.60583333333332
235.62666666666667
235.6475
235.67333333333335
235.69916666666666
235.72833333333332
235.7575
235.78666666666666
235.81583333333333
235.845
235.87416666666667
235.905
235.94
235.975
236.01
236.04666666666665
236.08333333333334
236.12
236.15666666666667
236.18666666666667
236.2175
236.24833333333333
236.27916666666667
236.31
236.34083333333334
236.37166666666667
236.4025
236.43333333333334
236.46416666666667
236.4975
236.53416666666666
236.57083333333333
236.6075
236.6425
236.6775
236.7175
236.7575
236.79416666666665
236.83083333333335
236.8675
236.90416666666667
236.94083333333333
236.9775
237.01416666666665
237.04583333333332
237.07916666666668
237.1125
237.14583333333334
237.17916666666667
237.2125
237.24583333333334
237.27666666666667
237.30666666666667
237.35083333333333
237.395
237.43916666666667
237.48333333333332
237.5275
237.57083333333333
237.61416666666668
237.65166666666667
237.68916666666667
237.7275
237.76583333333335
237.80083333333334
237.83166666666668
237.86416666666668
237.89666666666668
237.92916666666667
237.96833333333333
238.0075
238.04666666666665
238.08583333333334
238.125
238.16333333333333
238.20166666666665
238.24
238.27833333333334
238.31666666666666
238.35166666666666
238.38666666666666
238.42166666666665
238.45666666666668
238.49166666666667
238.53916666666666
238.58666666666667
238.63416666666666
238.68166666666667
238.72583333333333
238.77
238.81416666666667
238.85833333333332
238.90166666666667
238.945
238.98833333333334
239.03166666666667
239.0725
239.11166666666668
239.15083333333334
239.19
239.22916666666666
239.26833333333335
239.3075
239.33416666666668
239.36083333333335
239.3875
239.41166666666666
239.43916666666667
239.46666666666667
239.49416666666667
239.52166666666668
239.55
239.5825
239.61583333333334
239.64916666666667
239.68833333333333
239.7275
239.76666666666668
239.81
239.85166666666666
239.9025
239.95333333333335
240.00416666666666
240.055
240.10583333333332
240.15666666666667
240.20416666666668
240.25166666666667
240.29916666666668
240.34666666666666
240.39083333333335
240.435
240.47916666666666
240.52333333333334
240.5675
240.61166666666668
240.65583333333333
240.7
240.74416666666667
240.78833333333333
240.8325
240.87666666666667
240.925
240.97333333333333
241.02333333333334
241.07916666666668
241.135
241.19083333333333
241.2425
241.29166666666666
241.34083333333334
241.39
241.44166666666666
241.49333333333334
241.545
241.59583333333333
241.64666666666668
241.6975
241.74833333333333
241.79916666666668
241.84416666666667
241.88916666666665
241.93416666666667
241.97916666666666
242.02333333333334
242.0675
242.11166666666668
242.15583333333333
242.2
242.24416666666667
242.28833333333333
242.33333333333334
242.37833333333333
242.42333333333335
242.46833333333333
242.51333333333332
242.55833333333334
242.59666666666666
242.64083333333335
242.685
242.72916666666666
242.77333333333334
242.8175
242.86166666666668
242.90583333333333
242.95
242.99416666666667
243.03833333333333
243.0825
243.12666666666667
243.17083333333332
243.215
243.25916666666666
243.30333333333334
243.3475
243.39166666666668
243.43583333333333
243.48
243.52416666666667
243.56833333333333
243.6125
243.65666666666667
243.70083333333332
243.745
243.79083333333332
243.83666666666667
243.88333333333333
243.93
243.97666666666666
244.02333333333334
244.07
244.11666666666667
244.16333333333333
244.21
244.25666666666666
244.3025
244.34833333333333
244.39416666666668
244.44
244.48583333333335
244.53166666666667
244.57666666666665
244.62166666666667
244.66666666666666
244.71166666666667
244.75666666666666
244.80166666666668
244.84666666666666
244.89166666666668
244.93666666666667
244.97333333333333
245.01
245.04666666666665
245.0825
245.12
245.1575
245.19583333333333
245.23333333333332
245.27083333333334
245.3125
245.35416666666666
245.39583333333334
245.4375
245.47916666666666
245.52083333333334
245.5625
245.60416666666666
245.64583333333334
245.68666666666667
245.72583333333333
245.7575
245.78916666666666
245.82083333333333
245.8525
245.88416666666666
245.91583333333332
245.94916666666666
245.9825
246.0175
246.0525
246.0875
246.1225
246.1575
246.1875
246.2175
246.2475
246.2775
246.3075
246.3375
246.3675
246.395
246.4225
246.45
246.4775
246.505
246.53166666666667
246.55833333333334
246.585
246.61166666666668
246.63833333333332
246.665
246.69166666666666
246.7225
246.75333333333333
246.78416666666666
246.81416666666667
246.8325
246.85083333333333
246.87666666666667
246.91
246.94333333333333
246.97666666666666
247.01
247.04333333333332
247.07666666666665
247.11
247.14333333333335
247.16916666666665
247.2025
247.23583333333335
247.2675
247.29333333333332
247.31916666666666
247.345
247.37083333333334
247.39666666666668
247.4225
247.44833333333332
247.47416666666666
247.5
247.52583333333334
247.55083333333334
247.57583333333332
247.60083333333333
247.62583333333333
247.65083333333334
247.67583333333334
247.70083333333332
247.72583333333333
247.74583333333334
247.77416666666667
247.8025
247.83083333333335
247.85916666666665
247.8875
247.91583333333332
247.94416666666666
247.9725
248.00083333333333
248.02916666666667
248.0575
248.08583333333334
248.11416666666668
248.14166666666668
248.175
248.20833333333334
248.24166666666667
248.275
248.30833333333334
248.34166666666667
248.375
248.40833333333333
248.44166666666666
248.475
248.49416666666667
248.51333333333332
248.5325
248.555
248.5775
248.6
248.6225
248.645
248.6675
248.69
248.7125
248.735
248.7575
248.78
248.8025
248.835
248.8675
248.9
248.9325
248.965
248.99083333333334
249.01083333333332
249.03083333333333
249.05083333333334
249.07083333333333
249.09083333333334
249.11083333333335
249.13083333333333
249.15083333333334
249.17083333333332
249.19083333333333
249.21083333333334
249.23083333333332
249.2525
249.27416666666667
249.29583333333332
249.3175
249.33916666666667
249.35916666666665
249.37916666666666
249.39916666666667
249.41916666666665
249.43916666666667
249.45916666666668
249.47916666666666
249.49916666666667
249.52833333333334
249.5575
249.58666666666667
249.61583333333334
249.645
249.67416666666668
249.70333333333335
249.7325
249.76166666666666
249.79083333333332
249.82
249.84916666666666
249.87833333333333
249.9075
249.93666666666667
249.96583333333334
249.98416666666665
250.0025
250.02916666666667
250.05583333333334
250.0825
250.10916666666665
250.13583333333332
250.1625
250.18916666666667
250.21166666666667
250.23416666666665
250.25666666666666
250.27916666666667
250.30166666666668
250.32416666666666
250.34666666666666
250.36916666666667
250.39166666666668
250.415
250.43833333333333
250.46166666666667
250.485
250.50833333333333
250.53166666666667
250.55666666666667
250.58166666666668
250.60666666666665
250.63166666666666
250.6575
250.68333333333334
250.70916666666668
250.73
250.75583333333333
250.78166666666667
250.8075
250.8275
250.8475
250.8675
250.8875
250.9075
250.9275
250.9475
250.9675
250.98666666666668
251.00583333333333
251.025
251.04416666666665
251.06333333333333
251.0825
251.10166666666666
251.12083333333334
251.14
251.15583333333333
251.18083333333334
251.20583333333335
251.23083333333332
251.25583333333333
251.28416666666666
251.3125
251.34083333333334
251.36916666666667
251.3975
251.42583333333334
251.44333333333333
251.46083333333334
251.47833333333332
251.49166666666667
251.505
251.51833333333335
251.53166666666667
251.545
251.55833333333334
251.58
251.60166666666666
251.62333333333333
251.645
251.66666666666666
251.68666666666667
251.70666666666668
251.73166666666665
251.75666666666666
251.78166666666667
251.80666666666667
251.83166666666668
251.85666666666665
251.88166666666666
251.90666666666667
251.9325
251.95833333333334
251.98416666666665
252.01
252.03583333333333
252.06166666666667
252.0875
252.11333333333334
252.13916666666665
252.15916666666666
252.17916666666667
252.19916666666666
252.21916666666667
252.24416666666667
252.26916666666668
252.28416666666666
252.29916666666668
252.31416666666667
252.32916666666668
252.3425
252.35583333333332
252.36083333333335
252.36583333333334
252.37083333333334
252.37333333333333
252.37583333333333
252.37833333333333
252.38083333333333
252.38416666666666
252.3875
252.38916666666665
252.39083333333335
252.3925
252.39166666666668
252.39083333333335
252.39
252.38916666666665
252.38833333333332
252.3875
252.38666666666666
252.38583333333332
252.385
252.38416666666666
252.38333333333333
252.3825
252.38166666666666
252.38083333333333
252.38
252.37916666666666
252.38333333333333
252.3875
252.39166666666668
252.39333333333335
252.395
252.39666666666668
252.39833333333334
252.4
252.40166666666667
252.4075
252.41333333333333
252.41916666666665
252.425
252.43083333333334
252.43666666666667
252.4425
252.44833333333332
252.45416666666668
252.46
252.46583333333334
252.4725
252.47916666666666
252.48583333333335
252.4925
252.49916666666667
252.50583333333333
252.5125
252.51833333333335
252.52416666666667
252.53
252.53583333333333
252.54166666666666
252.5475
252.55333333333334
252.55916666666667
252.565
252.57083333333333
252.57666666666665
252.5825
252.58833333333334
252.59416666666667
252.6
252.60583333333332
252.61166666666668
252.6175
252.62333333333333
252.62916666666666
252.6425
252.65833333333333
252.66416666666666
252.67
252.67583333333334
252.68166666666667
252.6875
252.69333333333333
252.69916666666666
252.70166666666665
252.705
252.70833333333334
252.71333333333334
252.71833333333333
252.72166666666666
252.71416666666667
252.71083333333334
252.7075
252.70416666666668
252.69666666666666
252.68916666666667
252.68166666666667
252.67166666666665
252.66166666666666
252.65166666666667
252.64166666666668
252.63166666666666
252.62166666666667
252.61166666666668
252.60166666666666
252.59166666666667
252.58833333333334
252.585
252.58166666666668
252.57833333333335
252.575
252.57
252.565
252.55916666666667
252.55333333333334
252.5475
252.54166666666666
252.53583333333333
252.53
252.52416666666667
252.52333333333334
252.51916666666668
252.515
252.51083333333332
252.50666666666666
252.5025
252.49833333333333
252.49416666666667
252.49
252.48583333333335
252.48166666666665
252.4775
252.4725
252.4675
252.4625
252.4575
252.4525
252.4475
252.4425
252.4375
252.4325
252.4275
252.4225
252.4175
252.4125
252.4075
252.4025
252.3975
252.3925
252.3875
252.37916666666666
252.37083333333334
252.3625
252.35416666666666
252.34583333333333
252.3375
252.33
252.3225
252.32333333333332
252.32416666666666
252.32583333333332
252.3275
252.32916666666668
252.33083333333335
252.3325
252.33416666666668
252.3375
252.335
252.3325
252.33
252.3275
252.325
252.3225
252.32
252.31416666666667
252.30833333333334
252.3025
252.29666666666665
252.29083333333332
252.285
252.27916666666667
252.27333333333334
252.2675
252.26166666666666
252.25583333333333
252.25333333333333
252.25083333333333
252.24833333333333
252.24583333333334
252.24333333333334
252.24083333333334
252.23833333333334
252.23583333333335
252.23333333333332
252.23083333333332
252.22833333333332
252.22583333333333
252.22333333333333
252.22083333333333
252.2275
252.22416666666666
252.22083333333333
252.2175
252.21416666666667
252.21083333333334
252.2075
252.20416666666668
252.20083333333332
252.1975
252.19416666666666
252.19083333333333
252.1875
252.18416666666667
252.18083333333334
252.1775
252.17416666666668
252.17083333333332
252.1675
252.16416666666666
252.16083333333333
252.1575
252.15416666666667
252.15083333333334
252.1475
252.14416666666668
252.135
252.12583333333333
252.11666666666667
252.1075
252.09833333333333
252.09666666666666
252.10166666666666
252.11083333333335
252.12
252.12916666666666
252.13833333333332
252.1475
252.15666666666667
252.16583333333332
252.175
252.18416666666667
252.19333333333333
252.2025
252.21166666666667
252.22083333333333
252.23166666666665
252.2425
252.25333333333333
252.26416666666665
252.27583333333334
252.2875
252.29916666666668
252.31083333333333
252.3225
252.33416666666668
252.34583333333333
252.3575
252.36916666666667
252.38083333333333
252.3925
252.40416666666667
252.41583333333332
252.4275
252.43916666666667
252.45083333333332
252.4625
252.47416666666666
252.48583333333335
252.4975
252.50916666666666
252.50916666666666
252.50916666666666
252.50916666666666
252.50916666666666
252.50916666666666
252.50916666666666
252.50916666666666
252.50916666666666
252.50916666666666
252.50916666666666
252.50916666666666
252.50916666666666
252.50916666666666
252.50916666666666
252.50916666666666
252.50916666666666
252.50916666666666
252.51666666666668
252.52416666666667
252.52916666666667
252.53416666666666
252.53916666666666
252.54416666666665
252.54916666666668
252.55416666666667
252.55916666666667
252.56416666666667
252.56916666666666
252.57416666666666
252.58
252.58583333333334
252.59166666666667
252.5975
252.60333333333332
252.60916666666665
252.615
252.62083333333334
252.62666666666667
252.6325
252.63833333333332
252.64416666666668
252.65
252.65583333333333
252.66166666666666
252.6675
252.67333333333335
252.67916666666667
252.685
252.69083333333333
252.69666666666666
252.7025
252.70833333333334
252.71416666666667
252.72
252.72583333333333
252.73166666666665
252.7375
252.74
252.7425
252.745
252.74833333333333
252.75166666666667
252.755
252.75833333333333
252.76166666666666
252.765
252.76833333333335
252.77166666666668
252.775
252.77833333333334
252.78166666666667
252.785
252.78833333333333
252.79166666666666
252.79416666666665
252.79666666666665
252.80333333333334
252.81
252.81666666666666
252.8175
252.81833333333333
252.81916666666666
252.82
252.82083333333333
252.8175
252.81416666666667
252.81083333333333
252.8075
252.80416666666667
252.80083333333334
252.7975
252.79416666666665
252.79083333333332
252.7875
252.78833333333333
252.78833333333333
252.78833333333333
252.78833333333333
252.78833333333333
252.78833333333333
252.7875
252.78666666666666
252.78583333333333
252.785
252.78416666666666
252.78333333333333
252.7825
252.78166666666667
252.78083333333333
252.78
252.77916666666667
252.77833333333334
252.7775
252.77666666666667
252.77166666666668
252.75083333333333
252.73
252.70916666666668
252.68666666666667
252.66416666666666
252.64166666666668
252.61916666666667
252.60083333333333
252.58083333333335
252.56083333333333
252.54083333333332
252.52083333333334
252.50083333333333
252.48083333333332
252.46083333333334
252.44083333333333
252.41583333333332
252.38916666666665
252.3625
252.33416666666668
252.30583333333334
252.28416666666666
252.2625
252.24083333333334
252.21916666666667
252.1975
252.17583333333334
252.15416666666667
252.13166666666666
252.10916666666665
252.08666666666667
252.06416666666667
252.04166666666666
252.01916666666668
251.99833333333333
251.9775
251.95666666666668
251.93583333333333
251.915
251.89416666666668
251.87333333333333
251.8525
251.83166666666668
251.81416666666667
251.79666666666665
251.77916666666667
251.76166666666666
251.74416666666667
251.72666666666666
251.70916666666668
251.69166666666666
251.67416666666668
251.65666666666667
251.63833333333332
251.62
251.60166666666666
251.58333333333334
251.565
251.54666666666665
251.5325
251.51833333333335
251.49833333333333
251.47833333333332
251.465
251.45166666666665
251.43833333333333
251.425
251.4075
251.39
251.3725
251.355
251.3375
251.32
251.3025
251.285
251.2675
251.25
251.2325
251.215
251.1975
251.18
251.1625
251.145
251.1275
251.11
251.0925
251.075
251.0575
251.04
251.0225
251.005
250.9875
250.97
250.94833333333332
250.92583333333334
250.90333333333334
250.88083333333333
250.8625
250.84416666666667
250.82583333333332
250.8075
250.78916666666666
250.76583333333335
250.7475
250.72916666666666
250.71083333333334
250.69
250.66916666666665
250.64833333333334
250.62333333333333
250.59833333333333
250.57333333333332
250.55
250.52666666666667
250.50333333333333
250.48
250.45666666666668
250.43333333333334
250.41166666666666
250.39
250.36833333333334
250.35
250.33166666666668
250.31333333333333
250.295
250.27
250.24166666666667
250.21333333333334
250.185
250.15666666666667
250.12833333333333
250.1
250.07166666666666
250.04333333333332
250.02166666666668
250.0
249.97833333333332
249.95666666666668
249.935
249.91333333333333
249.895
249.87666666666667
249.85833333333332
249.84
249.82166666666666
249.80333333333334
249.785
249.76666666666668
249.74833333333333
249.73
249.71666666666667
249.68916666666667
249.66166666666666
249.63416666666666
249.60666666666665
249.57916666666668
249.55333333333334
249.5225
249.49166666666667
249.46083333333334
249.43
249.39916666666667
249.36833333333334
249.33416666666668
249.3
249.26583333333335
249.23166666666665
249.1975
249.16166666666666
249.12583333333333
249.09166666666667
249.0575
249.02333333333334
248.98916666666668
248.95083333333332
248.9125
248.87416666666667
248.83583333333334
248.80583333333334
248.77583333333334
248.74583333333334
248.715
248.68416666666667
248.66083333333333
248.6375
248.61416666666668
248.59083333333334
248.5675
248.54416666666665
248.52083333333334
248.49833333333333
248.47916666666666
248.46
248.44083333333333
248.42166666666665
248.405
248.38166666666666
248.35833333333332
248.335
248.31166666666667
248.28833333333333
248.265
248.25
248.235
248.22
248.205
248.19
248.175
248.16
248.145
248.13
248.115
248.1
248.085
248.07
248.055
248.03166666666667
248.00833333333333
247.985
247.96166666666667
247.93833333333333
247.915
247.89166666666668
247.86833333333334
247.845
247.82166666666666
247.79833333333335
247.77833333333334
247.75833333333333
247.73833333333334
247.71833333333333
247.69833333333332
247.67833333333334
247.65833333333333
247.63833333333332
247.61916666666667
247.59916666666666
247.57916666666668
247.56
247.54083333333332
247.52166666666668
247.5025
247.48333333333332
247.46416666666667
247.445
247.42583333333334
247.40666666666667
247.3875
247.36833333333334
247.34916666666666
247.33
247.31083333333333
247.29166666666666
247.27
247.24833333333333
247.22666666666666
247.205
247.18333333333334
247.16166666666666
247.14
247.11833333333334
247.09583333333333
247.07333333333332
247.05083333333334
247.02833333333334
247.00666666666666
246.985
246.9625
246.94
246.91416666666666
246.88833333333332
246.86416666666668
246.84
246.81583333333333
246.79166666666666
246.7675
246.74333333333334
246.71916666666667
246.695
246.66916666666665
246.6475
246.62583333333333
246.60416666666666
246.5825
246.55416666666667
246.52583333333334
246.4975
246.46833333333333
246.43916666666667
246.41
246.38083333333333
246.35166666666666
246.32583333333332
246.3
246.27166666666668
246.24333333333334
246.215
246.18666666666667
246.1575
246.12833333333333
246.09916666666666
246.07
246.04083333333332
246.01166666666666
245.9825
245.95333333333335
245.92083333333332
245.88833333333332
245.85583333333332
245.82333333333332
245.79083333333332
245.75833333333333
245.72416666666666
245.69
245.65583333333333
245.62166666666667
245.5875
245.55333333333334
245.51916666666668
245.485
245.45083333333332
245.41583333333332
245.38083333333333
245.34583333333333
245.32083333333333
245.28583333333333
245.25083333333333
245.21583333333334
245.18083333333334
245.14583333333334
245.10833333333332
245.06833333333333
245.02833333333334
244.98833333333334
244.94833333333332
244.90833333333333
244.86833333333334
244.82833333333335
244.79166666666666
244.75583333333333
244.72
244.68416666666667
244.64833333333334
244.61166666666668
244.575
244.54
244.505
244.47
244.435
244.4
244.365
244.33
244.295
244.26
244.225
244.19
244.155
244.12
244.085
244.05083333333334
244.01666666666668
243.9825
243.94833333333332
243.91333333333333
243.87833333333333
243.84333333333333
243.80833333333334
243.77166666666668
243.735
243.69833333333332
243.6625
243.62666666666667
243.59083333333334
243.555
243.51916666666668
243.48333333333332
243.4475
243.41166666666666
243.37583333333333
243.34
243.3075
243.275
243.2425
243.21
243.1775
243.1325
243.0875
243.0425
242.9975
242.95583333333335
242.91416666666666
242.8725
242.83083333333335
242.78916666666666
242.7475
242.70583333333335
242.66416666666666
242.62666666666667
242.58916666666667
242.55166666666668
242.51416666666665
242.47666666666666
242.43916666666667
242.4
242.37333333333333
242.34666666666666
242.325
242.30333333333334
242.27916666666667
242.255
242.23083333333332
242.20666666666668
242.1825
242.15833333333333
242.13416666666666
242.11
242.0725
242.035
241.9975
241.96
241.9225
241.885
241.8475
241.81
241.7725
241.735
241.6975
241.66
241.6225
241.585
241.5475
241.51
241.4725
241.435
241.3975
241.36
241.3225
241.285
241.2475
241.21
241.1725
241.135
241.0975
241.06
241.0225
240.985
240.9475
240.91
240.8725
240.835
240.7975
240.76
240.7225
240.685
240.6475
240.61
240.5725
240.535
240.4975
240.46
240.4225
240.385
240.3475
240.31
240.2725
240.235
240.1975
240.16
240.1225
240.085
240.0475
240.01
239.97166666666666
239.93583333333333
239.9
239.86416666666668
239.82833333333335
239.7925
239.76333333333332
239.72833333333332
239.69333333333333
239.65833333333333
239.62333333333333
239.58833333333334
239.55333333333334
239.51833333333335
239.48333333333332
239.44833333333332
239.41333333333333
239.3775
239.34166666666667
239.30583333333334
239.27
239.23416666666665
239.19833333333332
239.1625
239.12666666666667
239.09083333333334
239.055
239.01916666666668
238.98333333333332
238.9475
238.91166666666666
238.87583333333333
238.84
238.80416666666667
238.76833333333335
238.73666666666668
238.705
238.67333333333335
238.64166666666668
238.61
238.57833333333335
238.54666666666665
238.515
238.48333333333332
238.4525
238.42166666666665
238.39083333333335
238.36
238.32916666666668
238.29833333333335
238.2675
238.23666666666668
238.20583333333335
238.175
238.14416666666668
238.11333333333334
238.0825
238.05166666666668
238.02083333333334
237.99833333333333
237.97583333333333
237.95333333333335
237.93083333333334
237.90666666666667
237.8825
237.85833333333332
237.8275
237.79666666666665
237.76583333333335
237.735
237.70416666666668
237.67333333333335
237.6425
237.61166666666668
237.58083333333335
237.55
237.52083333333334
237.49166666666667
237.4625
237.44083333333333
237.41916666666665
237.3975
237.37416666666667
237.35083333333333
237.3275
237.30416666666667
237.28083333333333
237.2575
237.23583333333335
237.21416666666667
237.1925
237.17083333333332
237.1525
237.13416666666666
237.11583333333334
237.0975
237.07916666666668
237.06083333333333
237.0425
237.02666666666667
237.01083333333332
236.995
236.98
236.965
236.95083333333332
236.93666666666667
236.9225
236.90833333333333
236.89416666666668
236.88
236.86583333333334
236.85583333333332
236.84583333333333
236.83583333333334
236.82666666666665
236.81833333333333
236.81
236.79416666666665
236.77833333333334
236.7625
236.74666666666667
236.73083333333332
236.715
236.69916666666666
236.68333333333334
236.6675
236.65916666666666
236.64333333333335
236.6275
236.61166666666668
236.59583333333333
236.58
236.56416666666667
236.54833333333335
236.5325
236.51666666666668
236.50083333333333
236.485
236.46916666666667
236.45333333333335
236.4375
236.42166666666665
236.40583333333333
236.39
236.37416666666667
236.35833333333332
236.3425
236.32666666666665
236.31583333333333
236.305
236.29416666666665
236.28333333333333
236.2725
236.26166666666666
236.25083333333333
236.24
236.22916666666666
236.22
236.21083333333334
236.20166666666665
236.1925
236.18333333333334
236.175
236.16083333333333
236.14666666666668
236.1325
236.11833333333334
236.10333333333332
236.08833333333334
236.07333333333332
236.05833333333334
236.04333333333332
236.02833333333334
236.01333333333332
235.99833333333333
235.98333333333332
235.965
235.9475
235.93
235.9125
235.895
235.8775
235.86
235.8425
235.825
235.81
235.795
235.77583333333334
235.7625
235.74833333333333
235.73416666666665
235.72
235.70583333333335
235.69833333333332
235.69083333333333
235.68333333333334
235.67583333333334
235.66833333333332
235.66083333333333
235.65333333333334
235.64583333333334
235.63833333333332
235.63083333333333
235.62333333333333
235.61583333333334
235.60833333333332
235.59916666666666
235.59
235.58083333333335
235.57166666666666
235.5625
235.55583333333334
235.54916666666668
235.5425
235.53583333333333
235.52916666666667
235.52166666666668
235.51416666666665
235.50666666666666
235.49916666666667
235.495
235.49083333333334
235.48666666666668
235.4825
235.47833333333332
235.47416666666666
235.47
235.46583333333334
235.46166666666667
235.45666666666668
235.4525
235.44833333333332
235.44416666666666
235.44
235.43583333333333
235.43166666666667
235.4275
235.42333333333335
235.42
235.41583333333332
235.41166666666666
235.4075
235.40333333333334
235.39916666666667
235.40416666666667
235.40916666666666
235.41416666666666
235.41583333333332
235.4175
235.41916666666665
235.42083333333332
235.4225
235.42416666666668
235.42916666666667
235.43333333333334
235.4375
235.44166666666666
235.44583333333333
235.45
235.45416666666668
235.45833333333334
235.46333333333334
235.46833333333333
235.47333333333333
235.47833333333332
235.48333333333332
235.48833333333334
235.49416666666667
235.5
235.50583333333333
235.51166666666666
235.51583333333335
235.52
235.52416666666667
235.52833333333334
235.53666666666666
235.545
235.55416666666667
235.56416666666667
235.575
235.58583333333334
235.59666666666666
235.6075
235.61833333333334
235.62916666666666
235.64
235.65083333333334
235.66166666666666
235.6625
235.66333333333333
235.66416666666666
235.665
235.66583333333332
235.66666666666666
235.6675
235.66833333333332
235.66333333333333
235.65833333333333
235.66416666666666
235.67
235.67583333333334
235.67833333333334
235.68916666666667
235.7
235.70833333333334
235.71666666666667
235.725
235.725
235.725
235.725
235.725
235.71833333333333
235.71333333333334
235.70833333333334
235.70333333333335
235.69833333333332
235.69333333333333
235.68833333333333
235.68333333333334
235.67833333333334
235.67333333333335
235.66833333333332
235.66333333333333
235.65833333333333
235.65333333333334
235.64833333333334
235.64333333333335
235.63833333333332
235.63333333333333
235.62833333333333
235.62333333333333
235.61833333333334
235.61333333333334
235.60833333333332
235.60333333333332
235.59333333333333
235.58333333333334
235.58333333333334
235.58333333333334
235.58333333333334
235.58333333333334
235.58333333333334
235.58333333333334
235.59166666666667
235.6
235.60833333333332
235.61916666666667
235.63
235.64083333333335
235.65166666666667
235.6625
235.67333333333335
235.68583333333333
235.69833333333332
235.71083333333334
235.72583333333333
235.74083333333334
235.75583333333333
235.77083333333334
235.78583333333333
235.80083333333334
235.80083333333334
235.80083333333334
235.80083333333334
235.80083333333334
235.80083333333334
235.8075
235.81416666666667
235.82083333333333
235.8275
235.83416666666668
235.83583333333334
235.8375
235.83916666666667
235.845
235.83916666666667
235.83333333333334
235.8275
235.82166666666666
235.81583333333333
235.80583333333334
235.79583333333332
235.78583333333333
235.77583333333334
235.76583333333335
235.75583333333333
235.74583333333334
235.73583333333335
235.72583333333333
235.725
235.72416666666666
235.72333333333333
235.7225
235.72166666666666
235.72083333333333
235.71583333333334
235.71083333333334
235.70583333333335
235.70083333333332
235.69583333333333
235.69083333333333
235.68583333333333
235.68083333333334
235.67583333333334
235.67083333333332
235.66583333333332
235.66083333333333
235.65583333333333
235.65083333333334
235.64583333333334
235.64083333333335
235.63583333333332
235.63083333333333
235.62583333333333
235.62083333333334
235.61583333333334
235.61083333333335
235.60583333333332
235.605
235.60416666666666
235.59916666666666
235.59416666666667
235.58916666666667
235.58416666666668
235.57916666666668
235.57416666666666
235.56916666666666
235.56416666666667
235.55916666666667
235.55416666666667
235.5475
235.54083333333332
235.53416666666666
235.5375
235.54083333333332
235.54416666666665
235.5475
235.55083333333334
235.55416666666667
235.5575
235.56083333333333
235.56416666666667
235.5675
235.57083333333333
235.57416666666666
235.5775
235.58083333333335
235.58416666666668
235.5875
235.59083333333334
235.59416666666667
235.5975
235.60083333333333
235.60416666666666
235.6075
235.61083333333335
235.61416666666668
235.6175
235.62083333333334
235.62416666666667
235.6275
235.63083333333333
235.63416666666666
235.6375
235.64083333333335
235.64416666666668
235.64916666666667
235.65416666666667
235.65916666666666
235.66416666666666
235.66916666666665
235.67416666666668
235.67916666666667
235.68416666666667
235.69583333333333
235.7075
235.71916666666667
235.73083333333332
235.7425
235.75666666666666
235.77083333333334
235.785
235.79916666666668
235.81333333333333
235.8275
235.84166666666667
235.85583333333332
235.87
235.88416666666666
235.89833333333334
235.9125
235.92666666666668
235.94083333333333
235.955
235.96916666666667
235.98333333333332
235.9975
236.01166666666666
236.02583333333334
236.03166666666667
236.0375
236.04333333333332
236.04916666666668
236.055
236.06083333333333
236.06666666666666
236.0725
236.07833333333335
236.08416666666668
236.08833333333334
236.0925
236.09666666666666
236.10083333333333
236.105
236.10916666666665
236.11333333333334
236.1175
236.12166666666667
236.12583333333333
236.13
236.13416666666666
236.13833333333332
236.1425
236.14583333333334
236.14916666666667
236.1525
236.15583333333333
236.15916666666666
236.18083333333334
236.2025
236.22416666666666
236.24583333333334
236.2675
236.28916666666666
236.31083333333333
236.3325
236.35416666666666
236.37583333333333
236.3975
236.41916666666665
236.44083333333333
236.4625
236.475
236.4875
236.5
236.5125
236.525
236.5375
236.55
236.5625
236.575
236.5875
236.6
236.6125
236.625
236.6375
236.65
236.6625
236.675
236.6875
236.68916666666667
236.69083333333333
236.6925
236.69416666666666
236.69583333333333
236.6975
236.69916666666666
236.70083333333332
236.7025
236.70416666666668
236.70583333333335
236.7075
236.70916666666668
236.70833333333334
236.7075
236.70666666666668
236.70583333333335
236.705
236.70416666666668
236.70333333333335
236.7025
236.70166666666665
236.70666666666668
236.71166666666667
236.71666666666667
236.72166666666666
236.72666666666666
236.73166666666665
236.73666666666668
236.74166666666667
236.74666666666667
236.75166666666667
236.75666666666666
236.76166666666666
236.76
236.75833333333333
236.75666666666666
236.755
236.75333333333333
236.75166666666667
236.75833333333333
236.765
236.77166666666668
236.77083333333334
236.77
236.76916666666668
236.76833333333335
236.7675
236.76583333333335
236.76416666666665
236.7625
236.76083333333332
236.75916666666666
236.7575
236.75583333333333
236.75416666666666
236.7525
236.75083333333333
236.75916666666666
236.76
236.76083333333332
236.76166666666666
236.7625
236.76333333333332
236.76416666666665
236.76416666666665
236.76416666666665
236.76416666666665
236.76416666666665
236.76416666666665
236.76416666666665
236.76416666666665
236.76416666666665
236.76416666666665
236.76416666666665
236.76416666666665
236.76416666666665
236.76416666666665
236.76416666666665
236.76416666666665
236.76416666666665
236.76416666666665
236.76333333333332
236.7625
236.76166666666666
236.76083333333332
236.76
236.75916666666666
236.75833333333333
236.7575
236.75666666666666
236.75583333333333
236.755
236.75416666666666
236.75333333333333
236.7525
236.75166666666667
236.75083333333333
236.75
236.74916666666667
236.74833333333333
236.7475
236.74666666666667
236.74583333333334
236.745
236.74416666666667
236.74333333333334
236.7425
236.74166666666667
236.74083333333334
236.74
236.73916666666668
236.73833333333334
236.7375
236.73666666666668
236.73583333333335
236.735
236.73416666666665
236.73333333333332
236.7325
236.73166666666665
236.73083333333332
236.73
236.72916666666666
236.72833333333332
236.7275
236.72666666666666
236.72583333333333
236.725
236.72416666666666
236.72333333333333
236.7225
236.7225
236.7225
236.7225
236.7225
236.7225
236.72666666666666
236.73083333333332
236.735
236.73916666666668
236.74333333333334
236.7475
236.75166666666667
236.75583333333333
236.76
236.76416666666665
236.76416666666665
236.76416666666665
236.76416666666665
236.76416666666665
236.76416666666665
236.76416666666665
236.76416666666665
236.76416666666665
236.765
236.76583333333335
236.76666666666668
236.7675
236.76833333333335
236.76916666666668
236.77
236.77083333333334
236.77166666666668
236.7725
236.77333333333334
236.77416666666667
236.77916666666667
236.8
236.82083333333333
236.84166666666667
236.8625
236.88333333333333
236.90416666666667
236.925
236.94166666666666
236.95833333333334
236.975
236.99166666666667
237.00833333333333
237.025
237.04166666666666
237.05833333333334
237.075
237.09666666666666
237.11833333333334
237.14
237.16333333333333
237.18666666666667
237.20333333333335
237.22
237.23666666666668
237.25333333333333
237.27
237.28666666666666
237.30333333333334
237.32
237.33666666666667
237.35333333333332
237.37
237.38666666666666
237.40333333333334
237.42
237.43666666666667
237.45333333333335
237.47
237.48666666666668
237.50333333333333
237.52
237.53666666666666
237.55333333333334
237.58166666666668
237.61
237.63833333333332
237.66666666666666
237.695
237.72333333333333
237.75166666666667
237.78
237.80833333333334
237.83666666666667
237.8525
237.86833333333334
237.88416666666666
237.9
237.91583333333332
237.93166666666667
237.9475
237.96333333333334
237.985
238.00666666666666
238.02166666666668
238.03666666666666
238.05083333333334
238.065
238.07916666666668
238.09333333333333
238.1075
238.12166666666667
238.13583333333332
238.15166666666667
238.1675
238.18333333333334
238.19916666666666
238.215
238.23083333333332
238.24666666666667
238.27083333333334
238.295
238.31916666666666
238.34333333333333
238.3675
238.39166666666668
238.41583333333332
238.43166666666667
238.4475
238.46333333333334
238.47916666666666
238.495
238.51083333333332
238.52666666666667
238.5425
238.55916666666667
238.57583333333332
238.5925
238.60916666666665
238.62583333333333
238.6425
238.65916666666666
238.67583333333334
238.6975
238.71416666666667
238.73083333333332
238.7475
238.76416666666665
238.78083333333333
238.7975
238.8175
238.8375
238.8575
238.8775
238.8975
238.9175
238.9375
238.9575
238.97666666666666
238.99583333333334
239.015
239.03416666666666
239.05
239.06583333333333
239.08166666666668
239.0975
239.12
239.1425
239.165
239.1875
239.21
239.2325
239.255
239.2775
239.3
239.31583333333333
239.33166666666668
239.3475
239.36333333333334
239.37916666666666
239.395
239.41083333333333
239.42666666666668
239.4425
239.45833333333334
239.47416666666666
239.49
239.50583333333333
239.52166666666668
239.5375
239.55333333333334
239.56916666666666
239.585
239.60083333333333
239.61666666666667
239.6325
239.64833333333334
239.66416666666666
239.685
239.7075
239.73
239.7525
239.775
239.7975
239.82
239.8425
239.865
239.8875
239.91
239.9325
239.955
239.9775
240.0
240.0225
240.045
240.0675
240.09
240.1125
240.135
240.1575
240.18
240.2025
240.22583333333333
240.24916666666667
240.2725
240.29583333333332
240.31916666666666
240.3425
240.36583333333334
240.38916666666665
240.4125
240.43583333333333
240.45916666666668
240.4825
240.50583333333333
240.52916666666667
240.5525
240.57583333333332
240.59916666666666
240.61166666666668
240.62416666666667
240.63666666666666
240.64916666666667
240.66166666666666
240.67333333333335
240.685
240.69666666666666
240.70833333333334
240.72
240.73166666666665
240.74333333333334
240.755
240.76666666666668
240.77833333333334
240.78916666666666
240.79833333333335
240.8075
240.81666666666666
240.82583333333332
240.835
240.84416666666667
240.85666666666665
240.86916666666667
240.88166666666666
240.90916666666666
240.9375
240.96583333333334
240.99416666666667
241.01916666666668
241.04416666666665
241.06916666666666
241.09416666666667
241.11916666666667
241.14166666666668
241.16416666666666
241.18666666666667
241.20916666666668
241.23166666666665
241.25416666666666
241.27666666666667
241.29916666666668
241.32166666666666
241.34416666666667
241.36666666666667
241.385
241.40333333333334
241.42166666666665
241.44
241.45833333333334
241.47666666666666
241.495
241.51333333333332
241.53166666666667
241.55
241.56833333333333
241.58666666666667
241.605
241.62333333333333
241.64166666666668
241.66
241.67833333333334
241.69666666666666
241.715
241.73333333333332
241.75166666666667
241.77
241.78833333333333
241.80666666666667
241.825
241.84333333333333
241.865
241.88666666666666
241.90666666666667
241.92916666666667
241.95166666666665
241.97416666666666
241.99666666666667
242.01916666666668
242.04166666666666
242.06416666666667
242.08583333333334
242.1075
242.12916666666666
242.15083333333334
242.1725
242.20083333333332
242.22916666666666
242.2575
242.28583333333333
242.31416666666667
242.3425
242.37083333333334
242.39916666666667
242.4275
242.45583333333335
242.48416666666665
242.5125
242.54083333333332
242.56916666666666
242.5975
242.62583333333333
242.65416666666667
242.6825
242.71083333333334
242.73916666666668
242.7675
242.79583333333332
242.82416666666666
242.8525
242.88083333333333
242.91
242.93916666666667
242.96833333333333
242.9975
243.02666666666667
243.05583333333334
243.085
243.11416666666668
243.14333333333335
243.1725
243.20166666666665
243.23083333333332
243.26
243.28916666666666
243.31833333333333
243.3375
243.36666666666667
243.39583333333334
243.425
243.45416666666668
243.48333333333332
243.5125
243.54166666666666
243.57083333333333
243.6
243.62916666666666
243.65833333333333
243.6875
243.71416666666667
243.74083333333334
243.76666666666668
243.7925
243.81833333333333
243.84416666666667
243.87083333333334
243.8975
243.92416666666668
243.95083333333332
243.9775
244.00416666666666
244.03083333333333
244.0575
244.08416666666668
244.11083333333335
244.1375
244.16416666666666
244.19083333333333
244.2175
244.24416666666667
244.27083333333334
244.28
244.28916666666666
244.29833333333335
244.3075
244.31666666666666
244.32583333333332
244.335
244.34416666666667
244.35333333333332
244.3625
244.37166666666667
244.38083333333333
244.39
244.39916666666667
244.40833333333333
244.4175
244.42666666666668
244.43583333333333
244.445
244.45416666666668
244.46333333333334
244.4725
244.4975
244.5225
244.5475
244.5725
244.5975
244.6225
244.6475
244.6725
244.6975
244.7225
244.7475
244.7725
244.7975
244.82916666666668
244.86083333333335
244.8925
244.92
244.9475
244.975
245.0025
245.03
245.0575
245.08666666666667
245.11583333333334
245.145
245.16916666666665
245.19416666666666
245.21916666666667
245.24416666666667
245.26916666666668
245.29416666666665
245.31916666666666
245.34416666666667
245.36916666666667
245.39333333333335
245.425
245.45666666666668
245.48833333333334
245.52
245.55166666666668
245.58333333333334
245.615
245.64666666666668
245.67833333333334
245.71
245.74166666666667
245.77333333333334
245.805
245.8375
245.87
245.9025
245.935
245.9675
246.0
246.0325
246.065
246.09666666666666
246.12833333333333
246.16
246.19166666666666
246.22333333333333
246.255
246.28666666666666
246.31833333333333
246.35
246.38166666666666
246.41333333333333
246.445
246.47666666666666
246.50833333333333
246.54
246.57166666666666
246.60333333333332
246.635
246.66666666666666
246.69833333333332
246.73083333333332
246.76333333333332
246.79583333333332
246.8275
246.85916666666665
246.89083333333335
246.9225
246.95416666666668
246.9875
247.02
247.0525
247.085
247.11666666666667
247.14833333333334
247.18
247.21166666666667
247.24166666666667
247.27166666666668
247.30166666666668
247.33166666666668
247.36166666666668
247.39166666666668
247.42166666666665
247.45166666666665
247.48166666666665
247.51083333333332
247.54
247.56916666666666
247.59833333333333
247.6275
247.6575
247.6875
247.71833333333333
247.74916666666667
247.77916666666667
247.80916666666667
247.83916666666667
247.86916666666667
247.89916666666667
247.92916666666667
247.95916666666668
247.98916666666668
248.01916666666668
248.04916666666668
248.07916666666668
248.10916666666665
248.13916666666665
248.16916666666665
248.19916666666666
248.22916666666666
248.25416666666666
248.27916666666667
248.30416666666667
248.32916666666668
248.35416666666666
248.37916666666666
248.40416666666667
248.42916666666667
248.45416666666668
248.48083333333332
248.5075
248.53416666666666
248.56083333333333
248.58583333333334
248.61083333333335
248.6375
248.66416666666666
248.69083333333333
248.7175
248.74416666666667
248.77083333333334
248.7975
248.82416666666666
248.85083333333333
248.8775
248.90416666666667
248.93083333333334
248.9575
248.98416666666665
249.01083333333332
249.0375
249.06416666666667
249.09083333333334
249.1175
249.1425
249.1675
249.1925
249.2175
249.2425
249.2675
249.2925
249.31583333333333
249.33916666666667
249.3625
249.38583333333332
249.40916666666666
249.4325
249.4575
249.4825
249.5075
249.53333333333333
249.55916666666667
249.585
249.60916666666665
249.62916666666666
249.64666666666668
249.65666666666667
249.66666666666666
249.67666666666668
249.68666666666667
249.69666666666666
249.70666666666668
249.71666666666667
249.72666666666666
249.745
249.75833333333333
249.77166666666668
249.78416666666666
249.79666666666665
249.81666666666666
249.83666666666667
249.85666666666665
249.87666666666667
249.89666666666668
249.91666666666666
249.93666666666667
249.9525
249.96833333333333
249.98416666666665
250.0
250.01583333333335
250.03166666666667
250.0475
250.06333333333333
250.07916666666668
250.095
250.11166666666668
250.12833333333333
250.145
250.16166666666666
250.17833333333334
250.195
250.21166666666667
250.22833333333332
250.245
250.26166666666666
250.27833333333334
250.295
250.31166666666667
250.32833333333335
250.345
250.36166666666668
250.37833333333333
250.395
250.4125
250.43
250.4475
250.465
250.4825
250.5
250.5175
250.535
250.5525
250.57
250.5875
250.605
250.6225
250.64
250.6575
250.675
250.6925
250.71
250.72583333333333
250.74166666666667
250.7575
250.77333333333334
250.78916666666666
250.805
250.82083333333333
250.83416666666668
250.8475
250.86083333333335
250.875
250.88916666666665
250.90333333333334
250.90833333333333
250.91333333333333
250.91833333333332
250.92333333333335
250.92833333333334
250.93333333333334
250.93833333333333
250.9425
250.94666666666666
250.95083333333332
250.955
250.95916666666668
250.96333333333334
250.9675
250.97166666666666
250.97333333333333
250.975
250.98083333333332
250.98083333333332
250.98166666666665
250.9825
250.98333333333332
250.98416666666665
250.985
250.98583333333335
250.98666666666668
250.9875
250.98833333333334
250.98916666666668
250.99
250.99083333333334
250.99166666666667
250.9925
250.99333333333334
250.99416666666667
250.995
250.99583333333334
250.99666666666667
250.9975
250.99833333333333
251.00166666666667
251.0025
251.00333333333333
251.00416666666666
251.005
251.00583333333333
251.0075
251.00916666666666
251.01083333333332
251.0125
251.01083333333332
251.00916666666666
251.0075
251.00583333333333
251.00416666666666
251.0025
251.00083333333333
250.99916666666667
250.9975
250.99666666666667
250.995
250.99333333333334
250.99166666666667
250.99
250.98833333333334
250.98666666666668
250.985
250.98333333333332
250.98083333333332
250.97916666666666
250.9775
250.97583333333333
250.97416666666666
250.9725
250.96583333333334
250.95916666666668
250.9525
250.94916666666666
250.94583333333333
250.9425
250.93916666666667
250.93583333333333
250.9325
250.92583333333334
250.92
250.91416666666666
250.90833333333333
250.9025
250.89666666666668
250.89083333333335
250.885
250.87833333333333
250.87666666666667
250.875
250.87333333333333
250.87166666666667
250.87
250.8675
250.865
250.8625
250.86
250.85916666666665
250.85833333333332
250.8575
250.85666666666665
250.85166666666666
250.84666666666666
250.84083333333334
250.835
250.82833333333335
250.82166666666666
250.815
250.80833333333334
250.80166666666668
250.795
250.78833333333333
250.78166666666667
250.775
250.76833333333335
250.76166666666666
250.755
250.74833333333333
250.7425
250.73666666666668
250.73083333333332
250.725
250.725
250.725
250.725
250.725
250.725
250.72833333333332
250.72333333333333
250.71833333333333
250.71583333333334
250.71333333333334
250.71083333333334
250.70833333333334
250.705
250.70166666666665
250.69833333333332
250.70166666666665
250.705
250.70833333333334
250.71166666666667
250.715
250.71833333333333
250.72166666666666
250.725
250.72833333333332
250.73166666666665
250.735
250.73833333333334
250.74166666666667
250.745
250.74833333333333
250.75166666666667
250.755
250.75833333333333
250.76166666666666
250.765
250.76833333333335
250.77166666666668
250.775
250.77833333333334
250.78166666666667
250.785
250.78833333333333
250.79166666666666
250.795
250.8
250.805
250.81
250.815
250.82
250.825
250.83
250.835
250.84
250.845
250.85
250.855
250.86
250.865
250.87
250.875
250.88
250.885
250.89
250.895
250.9
250.92
250.94
250.96
250.98
251.0
251.01333333333332
251.02833333333334
251.04333333333332
251.05833333333334
251.07333333333332
251.08833333333334
251.10333333333332
251.11833333333334
251.12916666666666
251.15166666666667
251.17416666666668
251.19666666666666
251.21916666666667
251.24166666666667
251.26416666666665
251.28666666666666
251.30916666666667
251.33166666666668
251.35416666666666
251.37666666666667
251.39916666666667
251.42166666666665
251.44416666666666
251.4575
251.47083333333333
251.48416666666665
251.4975
251.51083333333332
251.52416666666667
251.54166666666666
251.55916666666667
251.57666666666665
251.59416666666667
251.61166666666668
251.62916666666666
251.64666666666668
251.66416666666666
251.68166666666667
251.69916666666666
251.71666666666667
251.73416666666665
251.75166666666667
251.76916666666668
251.78666666666666
251.80416666666667
251.82166666666666
251.83916666666667
251.85666666666665
251.86333333333334
251.87
251.87666666666667
251.88333333333333
251.88583333333332
251.88833333333332
251.895
251.90166666666667
251.90833333333333
251.915
251.92166666666665
251.92833333333334
251.935
251.94166666666666
251.94833333333332
251.955
251.96166666666667
251.96833333333333
251.975
251.98166666666665
252.0
252.01833333333335
252.03666666666666
252.055
252.07333333333332
252.09166666666667
252.11
252.12833333333333
252.14666666666668
252.16083333333333
252.1625
252.16083333333333
252.15916666666666
252.1575
252.15416666666667
252.15333333333334
252.1525
252.15166666666667
252.15083333333334
252.15
252.14916666666667
252.14833333333334
252.14833333333334
252.14833333333334
252.14416666666668
252.14
252.13583333333332
252.13166666666666
252.12666666666667
252.12166666666667
252.11666666666667
252.1175
252.11666666666667
252.11583333333334
252.115
252.11833333333334
252.12166666666667
252.125
252.12833333333333
252.13166666666666
252.12833333333333
252.125
252.12166666666667
252.11833333333334
252.115
252.10916666666665
252.10333333333332
252.0975
252.085
252.0725
252.06
252.0475
252.03916666666666
252.03083333333333
252.0225
252.01416666666665
252.00583333333333
252.005
252.00416666666666
252.00333333333333
252.0025
252.00166666666667
252.00083333333333
252.0
251.99916666666667
252.00583333333333
252.0125
252.01916666666668
252.02583333333334
252.0325
252.03916666666666
252.04583333333332
252.0525
252.05916666666667
252.06583333333333
252.0725
252.07916666666668
252.08583333333334
252.0925
252.09916666666666
252.10583333333332
252.1125
252.11916666666667
252.11916666666667
252.11916666666667
252.11916666666667
252.11916666666667
252.11916666666667
252.11916666666667
252.12
252.12083333333334
252.12166666666667
252.1225
252.12333333333333
252.10666666666665
252.09
252.07333333333332
252.05666666666667
252.04
252.02333333333334
252.00666666666666
251.99
251.97333333333333
251.95666666666668
251.94
251.92333333333335
251.90666666666667
251.86666666666667
251.82666666666665
251.78666666666666
251.74666666666667
251.70666666666668
251.66666666666666
251.62666666666667
251.58666666666667
251.54666666666665
251.50666666666666
251.46666666666667
251.42666666666668
251.38666666666666
251.34666666666666
251.30666666666667
251.26666666666668
251.22666666666666
251.18666666666667
251.14666666666668
251.1175
251.08833333333334
251.05916666666667
251.03
251.00083333333333
250.97166666666666
250.9425
250.91
250.8775
250.845
250.8125
250.78
250.7475
250.715
250.6825
250.65
250.6175
250.585
250.5525
250.52
250.4875
250.455
250.41666666666666
250.37833333333333
250.34
250.30166666666668
250.26333333333332
250.225
250.18666666666667
250.14833333333334
250.11333333333334
250.07833333333335
250.04333333333332
250.00833333333333
249.98
249.95166666666665
249.92333333333335
249.895
249.86666666666667
249.83833333333334
249.80166666666668
249.765
249.72833333333332
249.69916666666666
249.67
249.64083333333335
249.61166666666668
249.5825
249.55416666666667
249.52583333333334
249.505
249.48416666666665
249.46333333333334
249.4425
249.42166666666665
249.40083333333334
249.38
249.35916666666665
249.32833333333335
249.305
249.28166666666667
249.25833333333333
249.235
249.21166666666667
249.18166666666667
249.1525
249.12333333333333
249.09416666666667
249.065
249.03583333333333
249.00666666666666
248.9775
248.94833333333332
248.91916666666665
248.89
248.86083333333335
248.83166666666668
248.8025
248.77333333333334
248.74416666666667
248.715
248.68583333333333
248.65666666666667
248.6275
248.59833333333333
248.56916666666666
248.54
248.51083333333332
248.48166666666665
248.4525
248.42333333333335
248.39416666666668
248.365
248.33583333333334
248.30666666666667
248.2775
248.24833333333333
248.21916666666667
248.19
248.16083333333333
248.13166666666666
248.1025
248.07333333333332
248.04416666666665
248.015
247.98583333333335
247.95666666666668
247.9275
247.89833333333334
247.86416666666668
247.83