1648804422.9384384
1648804447.9999719
1648804504.9208877
1648804507.107995
1648804509.2911506
1648804511.4862113
1648804515.8817677
1648804521.3806348
1648804523.56279
1648804527.9387658
1648804542.1822348
1648804544.372461
1648804550.9889734
1648804553.1930652
1648804555.3640487
1648804564.2041876
1648804568.5325496
1648804570.6958528
1648804574.009244
1648804577.2742307
1648804579.464658
1648804588.4137619
1648804602.794322
1648804604.997046
1648804609.3906083
1648804611.6841414
1648804615.266065
1648804619.67855
1648804621.8945193
1648804628.5526922
1648804630.769842
1648804634.074768
1648804661.6362958
1648804666.042694
1648804670.4446847
1648804710.1451597
1648804713.433846
1648804718.9564433
1648804724.4313524
1648804727.7271369
1648804778.505825
1648804780.7201924
1648804782.946676
1648804785.2339425
1648804801.7637496
1648804803.969234
1648804810.6012638
1648804813.9357443
1648804817.3221889
1648804820.628852
1648804827.2559686
1648804879.1470835
1648804882.5055387
1648804885.82389
1648804888.0295403
1648804890.2290854
1648804892.4493973
1648804894.6397479
1648804896.8509421
1648804900.161406
1648804903.5046487
1648804913.4254541
1648804932.329009
1648804938.9991064
1648804941.3886456
1648804944.6917257
1648804950.2000778
1648804977.7937083
1648804986.6040807
1648804988.7982426
1648804990.979038
1648804995.3601444
1648805088.582819
1648805091.8755465
1648805095.1959589
1648805097.392464
1648805099.5768042
1648805101.7227108
1648805103.933503
1648805106.0890253
1648805108.31449
1648805115.9697304
1648805125.7522826
1648805130.127778
1648805132.3149302
1648805135.58655
1648805138.847552
1648805143.2090907
1648805148.6539786
1648805153.0292423
1648805156.2783031
1648805159.5603397
1648805161.748412
1648805163.9324427
1648805168.2949922
1648805279.9347503
1648805286.467747
1648805289.7489479
1648805291.9254315
1648805294.102136
1648805296.276263
1648805298.4690797
1648805300.660933
1648805303.9366875
1648805306.1092854
1648805309.3709605
1648805312.635701
1648805315.8966155
1648805318.085237
1648805321.3691494
1648805324.6370087
1648805330.0996485
1648805332.2959044
1648805334.4736814
1648805338.844668
1648805343.245206
1648805346.5332422
1648805348.7085214
1648805350.8993926
1648805353.0842478
1648805355.2615075
1648805358.5269423
1648805360.7245905
1648805365.0864205
1648805367.2734432
1648805369.4797142
1648805372.7513065
1648805376.0121963
1648805380.3616378
1648805459.6888719
1648805461.8943174
1648805464.0803084
1648805467.3880541
1648805472.9105053
1648805476.2363782
1648805479.5196927
1648805481.7373083
1648805483.965395
1648805486.1842456
1648805488.3940318
1648805490.5971246
1648805494.995883
1648805498.2952027
1648805500.500943
1648805509.339508
1648805511.537668
1648805513.7479284
1648805515.9384558
1648805519.256937
1648805524.7860148
1648805526.9829888
1648805530.279715
1648805535.8253517
1648805539.1650596
1648805544.6826603
1648805547.9811807
1648805551.2782314
1648805553.4801352
1648805643.9419765
1648805646.1327603
1648805648.3606381
1648805650.5702953
1648805656.0748422
1648805660.515295
1648805669.3416228
1648805675.9756935
1648805680.385907
1648805694.7343955
1648805696.9339607
1648805708.006097
1648805711.3540664
1648805713.5705519
1648805720.182104
1648805722.3751023
1648805726.7590022
1648805739.8539126
1648805742.0342987
1648805745.3519926
1648805749.7138226
1648805757.341158
1648805761.7187371
1648805764.9956744
1648805767.167396
1648805769.3647304
1648805772.6571527
1648805778.1310382
1648805781.4061475
1648805795.5850856
1648805799.9624996
1648805803.2214954
1648805805.4080913
1648805851.5835688
1648805857.152939
1648805870.601591
1648805880.698393
1648805882.9589267
1648805886.347771
1648805889.7089667
1648805895.2830644
1648805897.5723968
1648805900.9775317
1648805914.3433642
1648805916.594286
1648805921.1061733
1648805923.368008
1648805945.8282728
1648805955.8546822
1648805961.409445
1648805968.144646
1648805992.885136
1648805995.083052
1648805998.460793
1648806000.7314348
1648806024.5843446
1648806032.5084732
1648806034.7170913
1648806038.1392508
1648806042.6663897
1648806046.0211945
1648806053.8219967
1648806059.382203
1648806065.1263447
1648806067.3326638
1648806070.7157679
1648806076.3386269
1648806124.531538
1648806126.8067923
1648806130.1781716
1648806133.595569
1648806138.080791
1648806140.307909
1648806144.7242622
1648806146.9466734
1648806149.156785
1648806152.5083396
1648806155.9097533
1648806158.1518316
1648806160.4171436
1648806166.0625575
1648806168.3438704
1648806171.6856778
1648806173.9568017
1648806176.1961079
1648806178.4660988
1648806180.6816142
1648806182.974098
1648806185.2212837
1648806194.209398
1648806207.6305568
1648806227.7457948
1648806254.4694448
1648806256.7024233
1648806285.725687
1648806292.414039
1648806324.8306136
1648806327.057451
1648806329.2760077
1648806345.9512255
1648806348.169485
1648806374.9752562
1648806381.6287057
1648806384.9506998
1648806396.0408888
1648806398.2418962
1648806404.9714725
1648806434.919648
1648806442.6330554
1648806540.2812147
1648806545.8289337
1648806548.0446646
1648806553.6368227
1648806563.6092234
1648806566.9544642
1648806569.1883328
1648806575.9305625
1648806578.1719756
1648806597.0994992
1648806602.698691
1648806652.8254879
1648806656.1442883
1648806662.8434465
1648806666.1943045
1648806670.6200197
1648806673.9942691
1648806676.2582421
1648806681.8744133
1648806705.2264812
1648806707.4327934
1648806711.815565
1648806715.1814277
1648806717.3748302
1648806719.523044
1648806721.7245815
1648806728.3467734
1648806731.6176152
1648806736.0382617
1648806738.2121215
1648806742.764685
1648806745.0367403
1648806748.3966823
1648806750.5948403
1648806752.8364458
1648806755.1263225
1648806761.8843305
1648806764.1755514
1648806778.7932205
1648806783.3460362
1648806786.7699215
1648806791.2979476
1648806811.4794123
1648806814.8679476
1648806820.497945
1648806822.7783632
1648806826.1236987
1648806829.4543042
1648806833.9029245
1648806840.664441
1648806947.825066
1648806962.0461028
1648806964.2447743
1648806968.6038032
1648806972.9814904
1648806980.6302264
1648806986.0816815
1648806988.2672052
1648806991.5258994
1648806995.8980181
1648807003.5429342
1648807007.9207835
1648807040.710707
1648807049.421325
1648807055.9781427
1648807060.35056
1648807062.5453572
1648807066.8916028
1648807070.1905138
1648807072.370961
1648807075.636611
1648807081.1287138
1648807083.3117847
1648807085.4862585
1648807087.66368
1648807095.322212
1648807101.8744035
1648807111.758611
1648807113.950462
1648807116.1222942
1648807118.2966554
1648807123.7415626
1648807145.5404258
1648807165.1759162
1648807187.011331
1648807193.572901
1648807203.3931346
1648807206.6646838
1648807208.846873
1648807211.0515661
1648807213.2655132
1648807215.4565375
1648807226.3780165
1648807229.633614
1648807231.8089426
1648807236.1815557
1648807239.458571
1648807242.7383757
1648807246.0080173
1648807248.1838715
1648807250.346589
1648807254.7351246
1648807258.0155692
1648807265.6491
1648807267.8274062
1648807270.0131574
1648807272.189285
1648807275.458243
1648807279.8240526
1648807386.944878
1648807392.430609
1648807398.9700406
1648807404.431144
1648807406.6194487
1648807408.79293
1648807415.3288128
1648807418.6450028
1648807425.2065268
1648807429.652448
1648807442.8409262
1648807448.2870145
1648807450.4665034
1648807475.5887363
1648807477.7591174
1648807485.4001484
1648807489.783184
1648807496.3398607
1648807498.5181108
1648807508.3554425
1648807510.5324469
1648807512.724795
1648807531.332166
1648807533.5161245
1648807536.7932267
1648807542.2405362
1648807558.6096194
1648807561.8743145
1648807586.9883382
1648807592.4300344
1648807596.8227413
1648807598.9955869
1648807626.428932
1648807631.8879344
1648807636.2912717
1648807639.5791585
1648807673.4141917
1648807676.6986165
1648807682.133066
1648807687.606266
1648807689.8546453
1648807693.1715465
1648807695.3870766
1648807700.8810534
1648807703.1471255
1648807715.1537201
1648807723.871107
1648807738.0593817
1648807742.4133556
1648807746.7975557
1648807748.9805999
1648807764.2855227
1648807769.7386858
1648807778.5635192
1648807834.386539
1648807839.8427608
1648807881.5025327
1648807894.578352
1648807908.7629097
1648807912.0602205
1648807916.4291353
1648807918.6161695
1648807920.7998188
1648807922.979749
1648807928.43208
1648807939.3626904
1648807943.7509654
1648807949.2152817
1648807960.1674678
1648807963.419459
1648807986.3526773
1648807996.2001152
1648808104.666157
1648808125.4779844
1648808137.4908686
1648808175.6769674
1648808182.2484477
1648808270.755606
1648808283.8456142
1648808286.026644
1648808299.1778092
1648808302.4467938
1648808316.6383743
1648808322.1177692
1648808324.29326
1648808329.74295
1648808333.0512798
1648808336.3278995
1648808357.1682603
1648808365.9057667
1648808369.187409
1648808373.5352993
1648808377.944591
1648808381.2198586
1648808383.4034486
