
1648804421.8218846
1648804430.5453959
1648804451.2689228
1648804506.0139322
1648804508.2020607
1648804510.3650014
1648804514.7891335
1648804516.9827487
1648804522.478594
1648804524.6516082
1648804529.0328956
1648804543.2764616
1648804547.6924996
1648804552.099156
1648804554.2708972
1648804563.1098535
1648804567.449311
1648804569.6121156
1648804572.8992143
1648804576.1835246
1648804578.3673189
1648804587.3115766
1648804601.6947224
1648804603.8908415
1648804608.2919943
1648804610.5752833
1648804613.8740826
1648804618.57045
1648804620.7925467
1648804627.4390507
1648804629.66797
1648804632.973621
1648804635.1772246
1648804663.830701
1648804669.3342748
1648804679.2523394
1648804712.3249564
1648804717.8509693
1648804723.3431962
1648804726.635646
1648804777.4074295
1648804779.6188626
1648804781.8364592
1648804784.0449367
1648804789.6389067
1648804802.8792617
1648804806.1757252
1648804812.8260322
1648804816.1206954
1648804819.5179956
1648804826.1576853
1648804830.5589302
1648804881.3984556
1648804884.7105663
1648804886.9228384
1648804889.128698
1648804891.3455553
1648804893.552314
1648804895.7395275
1648804897.9592714
1648804902.3624551
1648804911.2267299
1648804914.5342772
1648804937.8938706
1648804940.2799246
1648804943.587926
1648804949.10419
1648804961.227824
1648804985.5090303
1648804987.7081563
1648804989.8916929
1648804994.2614853
1648804996.461871
1648805090.788459
1648805094.1076453
1648805096.300162
1648805098.4946926
1648805100.6578805
1648805102.8373375
1648805104.9981852
1648805107.194794
1648805114.8758528
1648805124.6653621
1648805129.0268178
1648805131.221216
1648805134.5005894
1648805137.7603886
1648805142.1215513
1648805147.5651765
1648805151.9419093
1648805155.1969385
1648805158.4670477
1648805160.6550589
1648805162.8438592
1648805167.2040465
1648805178.1657014
1648805285.3815243
1648805288.6534934
1648805290.8459816
1648805293.0153806
1648805295.1902444
1648805297.379359
1648805299.5656822
1648805302.8424914
1648805305.022931
1648805308.2845724
1648805311.5512621
1648805314.8103268
1648805316.9974551
1648805320.275921
1648805323.5438335
1648805328.9970055
1648805331.1866324
1648805333.380096
1648805337.7393775
1648805342.1411407
1648805345.431234
1648805347.6193326
1648805349.8020835
1648805352.0010767
1648805354.182038
1648805357.4447496
1648805359.6296349
1648805362.9071121
1648805366.1799238
1648805368.386212
1648805371.6605122
1648805374.9264746
1648805379.26779
1648805382.5512023
1648805460.7835147
1648805462.9885857
1648805466.2795923
1648805468.4941142
1648805474.0231557
1648805477.326882
1648805480.628831
1648805482.8474596
1648805485.0795195
1648805487.2879326
1648805489.4989264
1648805491.705399
1648805497.1900387
1648805499.3979685
1648805504.9138277
1648805510.4362814
1648805512.640231
1648805514.843628
1648805518.1525676
1648805523.683062
1648805525.879473
1648805529.183885
1648805534.7212462
1648805538.0386133
1648805543.5772917
1648805546.874704
1648805550.1775362
1648805552.3820462
1648805554.5789726
1648805645.0385196
1648805647.2391353
1648805649.456211
1648805654.9917502
1648805659.4024746
1648805668.2449043
1648805671.554366
1648805679.2845235
1648805681.4953823
1648805695.8344064
1648805702.458264
1648805710.2305129
1648805712.4562285
1648805719.0744069
1648805721.2854986
1648805725.6558669
1648805727.8526385
1648805740.9561925
1648805744.2586331
1648805748.6159296
1648805751.8861048
1648805760.6233866
1648805763.9072714
1648805766.0815458
1648805768.2612383
1648805771.5520284
1648805777.037418
1648805780.319385
1648805786.8562493
1648805796.6801493
1648805802.1344893
1648805804.3149312
1648805811.9553676
1648805853.8209252
1648805860.4767127
1648805871.7250512
1648805881.8402722
1648805885.2141948
1648805888.5944436
1648805894.1670218
1648805896.425984
1648805899.8503454
1648805903.1601794
1648805915.4713373
1648805919.9762418
1648805922.2339911
1648805931.212303
1648805948.0733106
1648805960.3086798
1648805962.5423539
1648805969.2616763
1648805993.9949212
1648805997.3182878
1648805999.6285589
1648806001.8982682
1648806031.3860507
1648806033.6145058
1648806037.006516
1648806041.4987643
1648806044.9223158
1648806050.5033646
1648806058.2870276
1648806064.011632
1648806066.233739
1648806069.608068
1648806075.2203853
1648806081.95455
1648806125.6468856
1648806127.9345467
1648806132.464832
1648806136.974164
1648806139.1929734
1648806143.6371567
1648806145.820994
1648806148.0537007
1648806150.304524
1648806154.790384
1648806157.0362117
1648806159.271494
1648806164.964011
1648806167.222462
1648806170.5659776
1648806172.7865415
1648806175.0781808
1648806177.3406923
1648806179.5600038
1648806181.815514
1648806184.094795
1648806186.322012
1648806195.3230512
1648806208.78846
1648806228.855344
1648806255.5819566
1648806261.2078872
1648806290.2143433
1648806296.8702075
1648806325.9363189
1648806328.1324513
1648806332.5630188
1648806347.072476
1648806362.7010899
1648806378.280914
1648806383.8683522
1648806394.95737
1648806397.1375718
1648806402.7387524
1648806407.197384
1648806436.0381322
1648806444.8462467
1648806544.7243824
1648806546.9290802
1648806552.513039
1648806555.8852408
1648806565.8228722
1648806568.08351
1648806574.8426425
1648806577.0806627
1648806595.9801328
1648806601.5601823
1648806609.436016
1648806653.947547
1648806661.7021625
1648806665.0298414
1648806669.5275207
1648806672.8724256
1648806675.1373637
1648806680.7375758
1648806682.985611
1648806706.3135612
1648806710.722866
1648806714.0538661
1648806716.303676
1648806718.441519
1648806720.6206703
1648806727.219107
1648806730.5199099
1648806732.720918
1648806737.128907
1648806741.5938506
1648806743.91381
1648806747.2664106
1648806749.4769359
1648806751.7139654
1648806753.96495
1648806760.75595
1648806763.0113702
1648806769.823123
1648806782.2102046
1648806785.6262243
1648806790.144755
1648806810.3727887
1648806813.7385504
1648806819.3752456
1648806821.6289318
1648806824.9993546
1648806828.341145
1648806832.7949505
1648806839.5534341
1648806844.0732112
1648806960.9523842
1648806963.1514618
1648806967.511276
1648806971.8897777
1648806979.5352616
1648806984.9933612
1648806987.175889
1648806990.4414937
1648806994.8022494
1648807002.4572034
1648807004.6364498
1648807014.4849977
1648807042.9014328
1648807050.5189831
1648807058.1667445
1648807061.440783
1648807065.8191583
1648807069.094856
1648807071.2806501
1648807073.4565578
1648807080.0249083
1648807082.2142305
1648807084.3926682
1648807086.5743556
1648807088.7528207
1648807096.4206858
1648807110.6613097
1648807112.8634498
1648807115.0439909
1648807117.2032464
1648807122.6557798
1648807131.342282
1648807149.903195
1648807166.2777202
1648807192.4793148
1648807196.843462
1648807204.4821792
1648807207.758197
1648807209.9471836
1648807212.151061
1648807214.366397
1648807217.6364872
1648807228.5565755
1648807230.7272408
1648807234.0015843
1648807237.271276
1648807241.6518006
1648807243.8106723
1648807247.1017334
1648807249.2700675
1648807253.6291034
1648807256.9221294
1648807264.5624478
1648807266.734032
1648807268.921007
1648807271.0933568
1648807274.3673015
1648807277.6400244
1648807280.9099793
1648807391.3255968
1648807397.8814597
1648807403.3482716
1648807405.5260549
1648807407.7126832
1648807414.235616
1648807417.5536613
1648807424.1123264
1648807427.3855848
1648807431.8841777
1648807447.1934807
1648807449.3684566
1648807452.6580343
1648807476.6680088
1648807484.3098218
1648807488.6893287
1648807495.2537463
1648807497.4333851
1648807503.9742763
1648807509.4464827
1648807511.6301427
1648807530.2234325
1648807532.4229991
1648807535.7044244
1648807541.150322
1648807543.3206413
1648807560.787872
1648807565.1517098
1648807589.1690547
1648807593.531485
1648807597.9091341
1648807601.1916883
1648807630.8017342
1648807635.1955853
1648807637.3865833
1648807643.9358592
1648807674.5276837
1648807679.9615564
1648807684.3048885
1648807688.704356
1648807692.0726693
1648807694.2957654
1648807699.7818635
1648807702.0135164
1648807714.0640402
1648807722.7828553
1648807730.4172368
1648807741.315867
1648807745.6937702
1648807747.8801126
1648807759.9405465
1648807767.5543685
1648807776.3548417
1648807779.6650186
1648807835.4905982
1648807843.1102731
1648807890.2039294
1648807902.2063754
1648807910.9580572
1648807915.3500063
1648807917.5225663
1648807919.706339
1648807921.8897157
1648807927.333097
1648807938.2742357
1648807942.638418
1648807948.1221037
1648807959.0862155
1648807962.334539
1648807975.4453301
1648807987.4616656
1648807997.2925923
1648808113.4443934
1648808129.8403454
1648808170.2109523
1648808180.0553217
1648808220.4831722
1648808282.7540677
1648808284.9391773
1648808298.072963
1648808301.3511274
1648808315.5509806
1648808321.0178041
1648808323.2047167
1648808328.6583154
1648808331.9306684
1648808335.2342553
1648808340.7273808
1648808364.8108346
1648808368.093042
1648808372.4499002
1648808376.8290763
1648808380.133438
1648808382.296896